step,mean_aspect_ratio,fraction_elongated,fraction_round,fraction_binary
100,1.0,0.0,1.0,0.0
200,1.0265749999999998,0.0013203125000000007,0.9205859374999998,0.07809375
300,1.0184734375,0.0013671875000000008,0.9403750000000001,0.058257812500000006
400,1.0150117187500003,0.0012968750000000003,0.9486875,0.05001562499999999
500,1.0127726562500003,0.0010546875000000003,0.9543671874999998,0.044578124999999996
600,1.01105234375,0.0008906250000000001,0.9581171875000003,0.04099218750000001
700,1.0104640624999999,0.0009140625000000002,0.960046875,0.03903906250000001
800,1.0095125000000003,0.0008515625,0.9623671875000002,0.03678125
900,1.0091359375000002,0.0008671875,0.964015625,0.03511718750000001
1000,1.00913828125,0.0008984374999999999,0.9652421875000001,0.033859375
1100,1.0088226562500004,0.0008359375,0.9653124999999998,0.033851562500000015
1200,1.0088109375,0.0008984374999999999,0.9658671875000002,0.033234375
1300,1.0084765625,0.0008359375000000001,0.9667578124999999,0.03240624999999999
1400,1.00825234375,0.000765625,0.9679374999999998,0.031296874999999995
1500,1.0085007812499995,0.0007109375,0.9668203125000002,0.03246875
1600,1.0083015625,0.00065625,0.9667734375000003,0.0325703125
1700,1.0082078125,0.0007109375,0.9677265625,0.03156250000000001
1800,1.00840078125,0.0007578125,0.9675859375000001,0.031656250000000004
1900,1.0084656249999997,0.000765625,0.9676328125000001,0.03160156249999999
2000,1.00821640625,0.0008828125,0.9681171874999996,0.030999999999999993
2100,1.00832265625,0.00090625,0.9684765625,0.030617187499999997
2200,1.0085148437500002,0.001046875,0.9682421875000001,0.0307109375
2300,1.0086476562499997,0.0011328125000000001,0.9681640625000001,0.030703125000000008
2400,1.00861875,0.00096875,0.9683515625000003,0.030679687500000007
2500,1.00835546875,0.0009375,0.9690937500000001,0.029968750000000002
2600,1.0080835937500001,0.0008984374999999999,0.968859375,0.030242187500000007
2700,1.0078835937500001,0.000875,0.9694453124999998,0.029679687499999996
2800,1.0077265624999998,0.00090625,0.9699531249999997,0.029140625000000007
2900,1.0079007812499998,0.0008906249999999999,0.9693281250000002,0.029781250000000006
3000,1.008084375,0.000859375,0.9691015625000001,0.0300390625
3100,1.00778828125,0.0008125,0.9699609374999997,0.029226562500000004
3200,1.0079421874999996,0.0009375,0.9696093749999996,0.02945312500000001
3300,1.0080601562499996,0.0008671874999999999,0.9689765625,0.030156249999999996
3400,1.00803046875,0.0009296875,0.9696953124999996,0.029375000000000002
3500,1.0082359375,0.0009921875,0.9690312499999998,0.029976562500000005
3600,1.0082289062499998,0.00096875,0.9695781249999996,0.029453125
3700,1.0085257812499997,0.0010234375,0.9692187499999999,0.0297578125
3800,1.00828671875,0.0010546875,0.9701093749999997,0.0288359375
3900,1.0084773437499999,0.0010546875,0.9701562499999997,0.028789062499999993
4000,1.00836328125,0.00115625,0.9695625000000002,0.029281249999999998
4100,1.0085210937500002,0.001203125,0.9693203125,0.029476562499999998
4200,1.00853984375,0.0013046875,0.9692031249999998,0.02949218749999999
4300,1.0086968749999996,0.001296875,0.9693828124999998,0.029320312499999994
4400,1.0086640625,0.0013125,0.9696718749999997,0.029015625000000003
4500,1.0087882812500004,0.0013750000000000001,0.9703671874999997,0.0282578125
4600,1.0088179687499998,0.0014765625,0.9701406249999995,0.028382812500000004
4700,1.0088359374999998,0.0014140625,0.9698125000000001,0.0287734375
4800,1.0088023437499998,0.001421875,0.9696718749999997,0.028906249999999998
4900,1.0089234375,0.0014375,0.9698984374999997,0.0286640625
5000,1.0090429687500002,0.001453125,0.9699609375000003,0.02858593749999999
5100,1.00929453125,0.001515625,0.9688437499999998,0.029640625000000004
5200,1.00958125,0.001671875,0.9692734375,0.0290546875
5300,1.00940078125,0.001578125,0.9697890624999999,0.028632812499999997
5400,1.0091851562499998,0.0015546875,0.9700624999999997,0.028382812499999997
5500,1.0090703125,0.0015,0.9700703124999999,0.028429687500000005
5600,1.0088507812499996,0.0014765625,0.9706015624999997,0.027921875000000002
5700,1.0089687499999997,0.0014921875,0.9701718749999997,0.0283359375
5800,1.0089742187499997,0.0015234375,0.9706562500000001,0.027820312500000006
5900,1.0092078125000001,0.0016953125000000002,0.9696953124999999,0.028609375
6000,1.00977578125,0.0018515625,0.9698906250000002,0.02825781250000001
6100,1.01021328125,0.002,0.9692265624999999,0.028773437499999995
6200,1.0102179687500001,0.002,0.9696249999999997,0.028374999999999997
6300,1.0102234375,0.0019296875,0.9691953124999996,0.028874999999999994
6400,1.010015625,0.001734375,0.9698984374999995,0.0283671875
6500,1.0100750000000003,0.00178125,0.9701171874999999,0.028101562500000007
6600,1.0100890625000005,0.0019609375,0.9703359374999999,0.027703125
6700,1.0104234375,0.001984375,0.9691093749999999,0.028906249999999998
6800,1.0101156249999999,0.001984375,0.9701874999999999,0.027828125000000006
6900,1.01037734375,0.0020625,0.9700937500000001,0.02784375
7000,1.0108093749999998,0.0019921875,0.9685078125,0.0295
7100,1.0108710937499998,0.0021640625,0.9686953125,0.029140625000000007
7200,1.0108640624999996,0.0022031250000000002,0.9695859374999999,0.028210937499999995
7300,1.0108257812499997,0.0021953125,0.9692187499999997,0.028585937499999995
7400,1.0107625,0.0022734375,0.9693203124999998,0.028406249999999994
7500,1.0111851562500003,0.0023359375,0.9688046874999996,0.028859374999999996
7600,1.0113734375,0.0023437500000000003,0.9685078124999996,0.029148437500000006
7700,1.01149609375,0.002515625,0.9689765624999994,0.02850781250000001
7800,1.01161015625,0.00253125,0.968640625,0.028828125
7900,1.0121375,0.0025937499999999997,0.9679687499999996,0.0294375
8000,1.0122953125,0.0026484375,0.9672343749999998,0.0301171875
8100,1.0126320312500001,0.0028046875,0.9676562500000002,0.029539062499999998
8200,1.0131804687499997,0.0030703125,0.9679296875000001,0.02899999999999999
8300,1.0134046875,0.0031484375,0.9673593749999997,0.029492187500000003
8400,1.0134234375,0.00315625,0.9673828125,0.029460937500000006
8500,1.0132335937499997,0.0032578125000000003,0.9678749999999998,0.028867187500000006
8600,1.01283828125,0.0031484375,0.9683749999999999,0.028476562499999997
8700,1.01248125,0.0029765625,0.9690312499999998,0.0279921875
8800,1.0123210937499998,0.0028984375,0.9689843749999997,0.028117187499999998
8900,1.0124117187500001,0.0028359375,0.9680546874999999,0.029109375
9000,1.0126601562500002,0.00284375,0.9684140624999993,0.028742187500000006
9100,1.012778125,0.0028359375,0.9683984374999998,0.028765624999999996
9200,1.0124945312500002,0.0028203125,0.9686562499999998,0.028523437499999995
9300,1.0123578124999995,0.0026796874999999998,0.9691093749999997,0.0282109375
9400,1.0121796875000002,0.0026171874999999997,0.9692265624999996,0.028156250000000004
9500,1.0124507812500003,0.00275,0.9682109375000001,0.029039062500000004
9600,1.0121789062500002,0.0026562499999999998,0.9685078124999995,0.0288359375
9700,1.0118554687499999,0.00253125,0.9687656249999996,0.028703125
9800,1.0115054687499998,0.002375,0.9695390624999997,0.02808593750000001
9900,1.0111578125,0.0022500000000000003,0.9696249999999994,0.028125000000000008
10000,1.0111078125,0.0021953125,0.9701640624999996,0.027640625
10100,1.0108132812499997,0.0020703125,0.9701953124999997,0.027734375000000002
10200,1.01060703125,0.002,0.9703828124999997,0.027617187499999998
10300,1.0099828124999999,0.001890625,0.9705390624999999,0.02757031249999999
10400,1.0095992187500002,0.001796875,0.9709687499999996,0.027234374999999998
10500,1.0095914062500002,0.0017578125,0.9707265625,0.027515625000000005
10600,1.0096859374999998,0.0017265625,0.9706171874999998,0.027656250000000007
10700,1.00953125,0.0016796875,0.9704453124999995,0.027875000000000004
10800,1.00931328125,0.001578125,0.9709609374999999,0.027460937499999998
10900,1.0090875000000001,0.0014921875,0.9712187499999999,0.027289062500000003
11000,1.0086562499999998,0.001375,0.9719921874999998,0.026632812500000002
11100,1.0083250000000001,0.0013515625,0.9727499999999998,0.0258984375
11200,1.0081960937499999,0.0012109375,0.9717968750000001,0.026992187499999994
11300,1.0082617187500003,0.00121875,0.9719687499999998,0.026812499999999993
11400,1.0085039062499996,0.0011484375,0.9711640624999995,0.027687499999999993
11500,1.0081335937500002,0.0011328125,0.9719531249999999,0.026914062499999992
11600,1.00821328125,0.001109375,0.9719374999999997,0.026953125
11700,1.0080890624999999,0.0011875,0.9724843749999995,0.026328124999999997
11800,1.0083546875000002,0.0011640625000000002,0.9719999999999998,0.02683593749999999
11900,1.00798125,0.0010546875,0.9723749999999997,0.026570312499999995
12000,1.00805234375,0.001046875,0.9721328124999997,0.026820312500000006
12100,1.0079749999999998,0.0011093750000000001,0.9721718749999998,0.02671875
12200,1.007753125,0.0010078125,0.973,0.0259921875
12300,1.0075328125,0.0009140625,0.9729687499999997,0.02611718750000001
12400,1.007521875,0.0009296875,0.9728593749999995,0.0262109375
12500,1.0073015625,0.0009062499999999999,0.9733906249999998,0.025703125000000004
12600,1.0074890625000001,0.0008203125,0.9722968749999997,0.026882812500000006
12700,1.0072359375,0.000734375,0.9730937499999996,0.026171875
12800,1.0072515625,0.000765625,0.9734218749999993,0.0258125
12900,1.00720390625,0.0008046875,0.9731093749999996,0.026085937500000014
13000,1.0074585937499998,0.0008046875000000001,0.9724999999999997,0.026695312500000005
13100,1.0071718749999998,0.0007578125,0.9735312499999998,0.02571093749999999
13200,1.0073703125000002,0.0006796875,0.9720390624999996,0.027281249999999996
13300,1.0070523437499999,0.0006562499999999999,0.9732968749999995,0.026046874999999997
13400,1.0071554687500002,0.0006796875,0.9730234374999998,0.026296875
13500,1.0069046875000003,0.0006484374999999999,0.9736328124999996,0.02571875
13600,1.00683671875,0.0006015625,0.9734921874999996,0.025906250000000002
13700,1.007025,0.0006328125,0.9728828124999995,0.026484375
13800,1.0070999999999997,0.000640625,0.9735156249999999,0.025843749999999988
13900,1.0071257812500003,0.000734375,0.9732578124999995,0.026007812499999988
14000,1.0071234375,0.00071875,0.9729999999999998,0.026281249999999996
14100,1.0068617187500004,0.0006875,0.9736718749999999,0.025640625000000004
14200,1.00677890625,0.0006796875,0.9737968749999998,0.025523437499999996
14300,1.0070390625,0.0007812499999999999,0.9738281249999996,0.025390624999999997
14400,1.0070984375000003,0.000828125,0.9735781249999996,0.02559374999999999
14500,1.0071046874999998,0.0008749999999999999,0.9735468749999998,0.025578124999999993
14600,1.0072734375,0.0009062499999999999,0.9736328124999994,0.025460937500000003
14700,1.0072906249999998,0.001,0.9738749999999999,0.02512500000000001
14800,1.0078578125,0.0012421875,0.9725937499999996,0.0261640625
14900,1.0085070312499997,0.0014453125,0.9717187499999999,0.026835937499999993
15000,1.0085085937500002,0.0014140625,0.9729999999999996,0.025585937499999992
15100,1.0089703125,0.001484375,0.9722343749999994,0.026281249999999992
15200,1.00903671875,0.0015625,0.9719140625000001,0.026523437500000004
15300,1.0091414062500002,0.0016250000000000001,0.9723828124999996,0.0259921875
15400,1.0094257812499994,0.0018203125,0.9719921874999997,0.0261875
15500,1.009846875,0.00190625,0.9715234374999997,0.0265703125
15600,1.0100328125,0.00203125,0.9716796874999998,0.026289062499999998
15700,1.0103390625000002,0.002109375,0.9711249999999995,0.026765624999999994
15800,1.0105218750000002,0.0021484375,0.9704374999999996,0.027414062500000006
15900,1.0104210937500002,0.0022500000000000003,0.9718749999999997,0.025874999999999995
16000,1.0109820312499997,0.0022578125000000003,0.9705859374999999,0.02715625
16100,1.0114539062499999,0.00240625,0.970453125,0.027140624999999998
16200,1.01131171875,0.002421875,0.9706171874999998,0.026960937499999994
16300,1.0114203124999999,0.0024453125,0.9702109374999994,0.027343749999999993
16400,1.0113484375,0.0025546875,0.9706640624999998,0.026781249999999993
16500,1.0113921875,0.0025546875,0.9705781249999996,0.026867187500000004
16600,1.0117304687499997,0.0026718749999999998,0.9706171874999995,0.026710937500000007
16700,1.0118429687500001,0.0027968750000000003,0.9699609374999999,0.027242187499999997
16800,1.0120031249999997,0.0029609375,0.9701249999999993,0.026914062500000002
16900,1.0123843749999997,0.00303125,0.9693124999999996,0.027656250000000004
17000,1.0122164062499999,0.002921875,0.9693437500000002,0.027734375000000006
17100,1.0121789062499997,0.0030234375,0.9705312499999996,0.02644531249999999
17200,1.01247890625,0.0032265625,0.9701328124999998,0.02664062500000001
17300,1.0129570312499998,0.0032109375,0.9695781249999998,0.027210937499999997
17400,1.0129546875000004,0.003234375,0.9689843749999997,0.027781250000000004
17500,1.0127687500000002,0.0032265625,0.9699921874999997,0.026781250000000006
17600,1.0129742187499997,0.003359375,0.9701718749999996,0.02646875
17700,1.0130289062499995,0.00321875,0.9699296874999999,0.0268515625
17800,1.0134476562499999,0.003296875,0.9690546874999997,0.027648437500000008
17900,1.0133750000000001,0.0033437500000000004,0.9688281249999998,0.027828125000000002
18000,1.0133874999999999,0.0034375,0.9693359375000001,0.027226562500000002
18100,1.0134179687499998,0.0034609375,0.9693359374999997,0.027203124999999995
18200,1.0134398437499996,0.0033359375000000004,0.9691640624999994,0.027499999999999997
18300,1.0136796875000003,0.0034375,0.9687812499999995,0.02778125
18400,1.0136460937499998,0.003421875,0.9688124999999994,0.027765624999999995
18500,1.0139937500000005,0.0035390625,0.9686874999999998,0.027773437499999994
18600,1.0140187500000002,0.0035234375,0.9687421875,0.027734375000000002
18700,1.01361171875,0.0033359375,0.969109375,0.027554687499999994
18800,1.013571875,0.0033984375,0.9691562499999998,0.027445312499999992
18900,1.01368984375,0.0033671875,0.9688124999999996,0.027820312499999996
19000,1.01393046875,0.0036406249999999998,0.9683593749999998,0.02799999999999999
19100,1.01409453125,0.0036562499999999998,0.9682421874999999,0.028101562500000007
19200,1.0143664062499997,0.0037109375,0.9681796874999997,0.028109375000000002
19300,1.0149812499999997,0.004078125,0.9680156249999998,0.027906249999999997
19400,1.0149507812500003,0.00403125,0.9681718749999999,0.02779687500000001
19500,1.0151765625,0.0040234375,0.9676796874999999,0.02829687500000001
19600,1.0152484375000004,0.00409375,0.9672343749999999,0.028671874999999996
19700,1.01513515625,0.004015625,0.9675546875,0.028429687500000002
19800,1.0151429687500002,0.004,0.9674140625000001,0.0285859375
19900,1.0153164062500002,0.0042734375,0.9678203124999998,0.02790624999999999
20000,1.0148640624999998,0.0040234375,0.9686328124999996,0.027343750000000003
20100,1.01467109375,0.003828125,0.9687343749999998,0.027437500000000004
20200,1.0145765625,0.00378125,0.9682890624999999,0.0279296875
20300,1.0143375000000003,0.0038125,0.9685937499999997,0.027593750000000004
20400,1.01465234375,0.0039296875,0.9682343749999996,0.027835937499999994
20500,1.014959375,0.0040234375,0.9679140625,0.028062500000000004
20600,1.0154812499999997,0.004171875,0.9678359374999996,0.027992187499999998
20700,1.0159976562499997,0.004359375,0.9676640625000001,0.027976562499999993
20800,1.016671875,0.00478125,0.9670624999999996,0.028156250000000004
20900,1.0167601562499997,0.004953124999999999,0.9675781249999997,0.027468749999999997
21000,1.0172531249999999,0.0051484375,0.9668046874999998,0.028046875
21100,1.0171632812500002,0.00528125,0.9672968749999997,0.027421875000000002
21200,1.0170953125000002,0.0053203124999999995,0.9675625,0.027117187499999997
21300,1.0174804687500005,0.0053593749999999996,0.9663359374999997,0.028304687500000005
21400,1.0171296874999998,0.0053359374999999995,0.9674453124999997,0.027218749999999993
21500,1.0170101562500002,0.0052265625,0.9672812499999996,0.0274921875
21600,1.0169140625,0.005203125,0.9672578124999998,0.0275390625
21700,1.01722890625,0.0054375,0.9675624999999997,0.027000000000000003
21800,1.01749375,0.0053203124999999995,0.9672578124999998,0.02742187499999999
21900,1.0171835937499998,0.0053046875,0.9676718749999995,0.02702343749999999
22000,1.0174859375,0.0053671875,0.9671249999999998,0.0275078125
22100,1.01783828125,0.0054531250000000005,0.9668124999999999,0.027734374999999995
22200,1.0182585937499997,0.0055859375,0.9665703124999998,0.027843749999999997
22300,1.0185507812500003,0.0055859375,0.9664687499999994,0.027945312499999996
22400,1.0186554687500002,0.005578125,0.9665859374999997,0.027835937499999998
22500,1.0186046874999999,0.0056328125,0.966828125,0.027539062499999992
22600,1.01825859375,0.0055078125,0.9665390624999993,0.027953125000000006
22700,1.0180257812499998,0.00553125,0.9676562499999998,0.026812499999999993
22800,1.0174406249999997,0.0052499999999999995,0.9674687499999998,0.027281250000000003
22900,1.0173562500000004,0.005132812499999999,0.9671406249999996,0.027726562499999993
23000,1.0168765625000002,0.004874999999999999,0.9669765624999995,0.028148437500000005
23100,1.0166859375000001,0.004718750000000001,0.9672109374999996,0.028070312500000003
23200,1.0162179687500001,0.004562500000000001,0.9679687499999998,0.027468749999999993
23300,1.01570546875,0.0044218750000000005,0.9688906249999995,0.026687499999999992
23400,1.01528359375,0.0041953125,0.9689531249999999,0.026851562499999995
23500,1.0146804687499995,0.0037578125,0.9697343749999998,0.026507812499999995
23600,1.0142828125,0.003703125,0.9697968749999994,0.026500000000000003
23700,1.0139992187500002,0.0036953125,0.9698124999999999,0.026492187499999997
23800,1.01384453125,0.003671875,0.9697812499999997,0.026546875000000004
23900,1.0136257812500002,0.0035156249999999997,0.9699687499999997,0.026515624999999994
24000,1.0133632812499997,0.0034921875,0.9701015624999998,0.02640625
24100,1.01338671875,0.0032890625,0.9697187499999996,0.0269921875
24200,1.0129164062499998,0.0031875000000000002,0.9701953124999999,0.0266171875
24300,1.01256953125,0.003078125,0.9705624999999997,0.026359375
24400,1.01219140625,0.002875,0.9703828124999996,0.026742187499999997
24500,1.0119734375,0.0026875000000000002,0.9705078124999994,0.026804687499999997
24600,1.0116015624999999,0.002546875,0.9714062499999999,0.026046875000000004
24700,1.0110632812499998,0.002234375,0.9712343749999994,0.02653125
24800,1.01064609375,0.0020390625,0.9710781249999999,0.0268828125
24900,1.01032265625,0.0020078125,0.9718906249999998,0.02610156249999999
25000,1.0097054687500004,0.0018359375,0.9725703124999997,0.025593750000000002
25100,1.0095515624999998,0.0018124999999999999,0.9727578124999996,0.025429687500000003
25200,1.0095218750000003,0.001828125,0.9729140624999996,0.025257812499999997
25300,1.009540625,0.0018046875,0.9723124999999996,0.025882812499999994
25400,1.0094046874999996,0.0017734375,0.9731093749999997,0.0251171875
25500,1.0092828125,0.0018125,0.9734218749999998,0.024765625
25600,1.0091664062499999,0.0018515625,0.9736796874999998,0.02446875
25700,1.00906875,0.0019453125,0.9736328124999994,0.024421875000000003
25800,1.0092249999999998,0.002078125,0.9738515624999995,0.024070312499999996
25900,1.0093273437499997,0.0020625,0.9737656249999997,0.024171875000000002
26000,1.00956875,0.0020859375,0.9729140624999995,0.024999999999999998
26100,1.0092343750000001,0.0019609375,0.9731093749999996,0.0249296875
26200,1.009503125,0.001921875,0.9736796874999999,0.024398437499999995
26300,1.0099484374999999,0.0020390625,0.972390625,0.025570312499999998
26400,1.0103835937499996,0.002125,0.9719140624999998,0.0259609375
26500,1.0107304687499998,0.0023437500000000003,0.9715234374999996,0.026132812499999998
26600,1.01108671875,0.0026328124999999997,0.9721484374999998,0.025218749999999998
26700,1.0116429687499997,0.0027265625,0.9714453124999995,0.025828125
26800,1.01147109375,0.0027109375,0.9716406249999999,0.025648437500000006
26900,1.0115218750000001,0.0026406249999999997,0.9706015624999993,0.026757812500000002
27000,1.01124609375,0.0026640624999999998,0.9721171875000001,0.02521874999999999
27100,1.0114593749999998,0.0026718749999999998,0.9717578124999995,0.025570312499999998
27200,1.011696875,0.0027578125,0.9708359374999996,0.02640625
27300,1.0113515625,0.0025703125,0.9710390624999998,0.026390624999999997
27400,1.0113359375000002,0.00259375,0.9714765625,0.0259296875
27500,1.01119921875,0.002578125,0.9720624999999998,0.025359375000000003
27600,1.0112109375,0.002609375,0.9718281249999996,0.0255625
27700,1.0111742187500004,0.0025,0.9722187499999997,0.025281249999999998
27800,1.0111062499999999,0.002390625,0.9721640624999995,0.025445312499999994
27900,1.0109382812499996,0.002296875,0.9721171874999994,0.025585937499999996
28000,1.01036484375,0.002265625,0.9730468749999998,0.024687499999999987
28100,1.0107570312499998,0.0023203125,0.9722734374999998,0.02540625
28200,1.010634375,0.0023671875,0.9728281249999995,0.0248046875
28300,1.0103312499999997,0.0023203125,0.9738203124999998,0.023859374999999988
28400,1.0101218749999998,0.0023125,0.9735937499999997,0.024093749999999997
28500,1.0100781249999997,0.0022812500000000003,0.9737187499999997,0.023999999999999994
28600,1.0100132812500002,0.0022421875000000003,0.9733046874999995,0.024453125
28700,1.0102453125000002,0.0023203125000000003,0.9731328124999995,0.024546875
28800,1.0104421874999998,0.0024453125000000004,0.9728359374999996,0.024718749999999994
28900,1.0105164062499998,0.0024453125,0.9724453124999998,0.025109374999999993
29000,1.01023359375,0.0024375,0.9734375,0.024124999999999994
29100,1.01047265625,0.0023046875000000003,0.9727499999999996,0.024945312500000007
29200,1.0108734375,0.00228125,0.9712890624999999,0.026429687500000007
29300,1.0106499999999998,0.0023984375,0.9720546874999997,0.025546874999999997
29400,1.0104226562500003,0.002453125,0.9730390624999999,0.0245078125
29500,1.0106117187499999,0.0023906249999999995,0.9729374999999995,0.024671875
29600,1.0105414062500002,0.0023906250000000004,0.9729218749999998,0.02468749999999999
29700,1.010678125,0.0023984375,0.9723203125000001,0.025281249999999995
29800,1.0104757812499998,0.0022968750000000003,0.9731093749999992,0.024593750000000004
29900,1.0104578124999999,0.0023359375000000003,0.9731874999999997,0.024476562499999986
30000,1.0107656250000001,0.0023593750000000004,0.9725234374999999,0.0251171875
30100,1.01084296875,0.00246875,0.9729843749999996,0.024546875
30200,1.01152265625,0.0026953125,0.9721562499999998,0.025148437500000013
30300,1.0115195312500003,0.0026171875,0.9715703124999999,0.02581249999999999
30400,1.01140625,0.0025234375,0.9722343749999997,0.02524218749999999
30500,1.0113374999999998,0.0025156249999999996,0.9721718749999997,0.025312499999999995
30600,1.01156171875,0.0026484374999999998,0.9721328124999997,0.02521875000000001
30700,1.0115757812500001,0.0025156250000000005,0.9718281249999996,0.02565625
30800,1.0113257812499998,0.0024921875,0.9722031249999997,0.025304687499999996
30900,1.01171328125,0.0025859375,0.9715312499999998,0.025882812499999994
31000,1.01191796875,0.0028359375,0.9715546875000002,0.025609374999999993
31100,1.0121570312500001,0.003,0.9715312499999997,0.025468749999999988
31200,1.0121468750000002,0.0031015625,0.9717656250000001,0.025132812499999994
31300,1.0122132812500002,0.0030546875,0.9715937499999996,0.025351562500000004
31400,1.0118085937500003,0.003,0.972578125,0.024421875
31500,1.0122796875000002,0.003171875,0.9720078124999999,0.0248203125
31600,1.0123335937499998,0.003296875,0.9726250000000001,0.024078125
31700,1.01243984375,0.003359375,0.9721562499999995,0.024484374999999996
31800,1.0126898437499998,0.003421875,0.971625,0.02495312499999999
31900,1.01338203125,0.0037109375000000003,0.9714531249999998,0.024835937499999995
32000,1.0137578125000002,0.0038046875000000003,0.9708203124999999,0.025374999999999998
32100,1.0138695312499997,0.003765625,0.9705312499999997,0.025703125
32200,1.0145578125,0.003921875,0.9700390624999995,0.026039062499999995
32300,1.0146007812500002,0.004,0.9702031249999997,0.025796874999999997
32400,1.01460546875,0.0040234375,0.9699296874999995,0.026046874999999994
32500,1.0142492187499998,0.0040859375,0.9708906249999998,0.025023437499999995
32600,1.01490859375,0.0041015625,0.9696640624999998,0.026234374999999997
32700,1.0146601562499997,0.004,0.9699531249999995,0.026046875
32800,1.0141945312499998,0.0038828125,0.9704999999999996,0.02561718750000001
32900,1.0142765625,0.0038515625,0.9703124999999998,0.025835937499999996
33000,1.01473984375,0.004140625,0.9704218749999997,0.025437500000000002
33100,1.0152140625000001,0.004328125,0.9691171874999998,0.026554687499999997
33200,1.0152781249999998,0.00428125,0.9695078124999998,0.026210937499999996
33300,1.01527265625,0.004265625,0.9700156249999999,0.025718750000000002
33400,1.0150304687500002,0.004171875,0.9691249999999993,0.026703124999999994
33500,1.0147265625,0.00415625,0.9698281249999997,0.026015625000000004
33600,1.0148734375000004,0.004171875,0.9696718749999997,0.026156250000000002
33700,1.0147734375000002,0.0041640625,0.9704453124999995,0.025390625
33800,1.0149585937499999,0.004078125,0.9697031249999998,0.026218750000000002
33900,1.01484453125,0.0039921875,0.9693124999999999,0.0266953125
34000,1.0150124999999999,0.004078125,0.9691171874999999,0.026804687499999993
34100,1.0146593750000001,0.0039609375,0.9694375,0.02660156249999999
34200,1.0147445312499996,0.00396875,0.9694218749999999,0.026609374999999994
34300,1.0147992187500001,0.003984375,0.969921875,0.026093749999999985
34400,1.0150320312500003,0.003976562499999999,0.9688828125,0.027140624999999995
34500,1.0151734374999999,0.004,0.9689531249999997,0.027046874999999988
34600,1.0150679687500002,0.004039062499999999,0.9693359374999996,0.026625000000000003
34700,1.01504296875,0.003929687499999999,0.9692109374999999,0.026859375
34800,1.0149953124999997,0.004125,0.9696250000000001,0.026249999999999992
34900,1.0151453124999998,0.004226562499999999,0.9695937499999998,0.026179687499999993
35000,1.0151632812499998,0.00425,0.9697499999999994,0.026000000000000006
35100,1.0153992187499998,0.0044609375,0.9694062499999996,0.0261328125
35200,1.0158812500000003,0.0045234375,0.9689765624999996,0.0265
35300,1.0157664062499996,0.0044296875,0.9686093749999998,0.0269609375
35400,1.015253125,0.0042656249999999995,0.96921875,0.026515624999999987
35500,1.0153703125,0.0043515624999999995,0.9694140624999997,0.026234374999999997
35600,1.015203125,0.0043125,0.9697656249999997,0.025921874999999994
35700,1.0148265624999997,0.0043203124999999995,0.9701484374999999,0.025531250000000002
35800,1.015459375,0.0046015625,0.9702890624999996,0.025109375
35900,1.0154757812500004,0.004609375000000001,0.9697343749999995,0.025656249999999995
36000,1.0154374999999998,0.004359375,0.9693281249999994,0.026312500000000006
36100,1.0155671875,0.0043984375,0.9693828124999998,0.026218749999999996
36200,1.01486640625,0.0041015625,0.9703515624999995,0.025546874999999997
36300,1.014865625,0.004109375,0.9705156249999994,0.025375
36400,1.0147132812499997,0.0040703125,0.9702109374999995,0.025718750000000002
36500,1.0148406249999997,0.0040546875,0.9692109374999998,0.026734374999999998
36600,1.01483125,0.004195312499999999,0.9697812499999999,0.026023437499999996
36700,1.014965625,0.004140625,0.9696406249999997,0.026218749999999992
36800,1.01496484375,0.0041328125,0.9688515624999994,0.027015625
36900,1.0147390625000003,0.0040703125,0.9694999999999996,0.026429687499999997
37000,1.014934375,0.00415625,0.9692968750000001,0.026546875
37100,1.0144828125,0.004023437499999999,0.9698749999999999,0.026101562499999998
37200,1.0147101562499998,0.004046875,0.9701953124999997,0.025757812500000005
37300,1.0149734375000004,0.0040625,0.9693437499999996,0.02659374999999999
37400,1.0146304687500003,0.004015625,0.970234375,0.025750000000000006
37500,1.01450625,0.0038828125,0.9699687499999997,0.026148437500000007
37600,1.0146546875,0.00396875,0.9698281249999997,0.026203124999999997
37700,1.0141578125,0.0038671875,0.9707421874999997,0.025390625
37800,1.014634375,0.0039375,0.9696640624999995,0.026398437499999993
37900,1.0142953124999998,0.0038671875,0.970484375,0.025648437499999996
38000,1.0143484374999998,0.0038203125,0.9713984374999998,0.02478124999999999
38100,1.0148960937500002,0.0040078125,0.9696015624999998,0.02639062499999999
38200,1.01506328125,0.004359375,0.9698437499999998,0.025796875
38300,1.0154085937500004,0.004546875,0.9699140624999999,0.025539062499999994
38400,1.0162749999999998,0.004921875,0.9695624999999997,0.025515624999999997
38500,1.01654140625,0.0049140625,0.9687265624999996,0.026359374999999997
38600,1.016771875,0.00503125,0.9686640624999996,0.026304687499999996
38700,1.0170960937500004,0.0050078125,0.9685624999999995,0.026429687499999997
38800,1.0172492187500002,0.0050859375,0.968515625,0.026398437499999997
38900,1.01803125,0.0053984375,0.9675859374999998,0.027015624999999998
39000,1.01769453125,0.0052265625,0.9683359374999998,0.026437500000000003
39100,1.0180414062499998,0.005585937500000001,0.96828125,0.0261328125
39200,1.0182382812500004,0.005710937500000001,0.9679843749999997,0.026304687499999996
39300,1.0188117187499999,0.005796875,0.9670624999999996,0.027140624999999998
39400,1.0189015624999997,0.005796875,0.9673984375,0.026804687499999997
39500,1.0195156250000004,0.00621875,0.9672578124999999,0.026523437499999997
39600,1.0197726562500005,0.006375,0.9666093749999998,0.027015624999999995
39700,1.01986796875,0.0065234375,0.9667421874999997,0.026734374999999998
39800,1.02046015625,0.00678125,0.9662109374999998,0.0270078125
39900,1.0207390624999997,0.006874999999999999,0.9662578124999992,0.026867187499999994
40000,1.0212390625,0.0071874999999999994,0.9661171874999999,0.026695312499999995
40100,1.022275,0.007625,0.9651015624999995,0.027273437499999994
40200,1.0235726562500003,0.008273437500000001,0.9638203124999998,0.02790625
40300,1.0238546874999999,0.0083515625,0.9636171874999999,0.02803125
40400,1.0244078125,0.0084765625,0.9636874999999998,0.027835937499999998
40500,1.0249289062500002,0.008765624999999999,0.9633203124999996,0.027914062499999996
40600,1.0257289062500003,0.0092109375,0.9627109374999996,0.028078125000000002
40700,1.0257953125000001,0.0091015625,0.9629921874999998,0.027906249999999997
40800,1.0256890624999997,0.009125,0.9630703124999999,0.027804687499999994
40900,1.0261796875000002,0.0092890625,0.9626874999999997,0.0280234375
41000,1.0264031249999999,0.00946875,0.9625859375000001,0.0279453125
41100,1.0266117187500001,0.009367187499999999,0.9622031249999995,0.02842968749999999
41200,1.0265148437499998,0.0093046875,0.9630078124999999,0.027687499999999993
41300,1.0258335937499998,0.009046875,0.9636093749999999,0.027343749999999997
41400,1.0255750000000001,0.00909375,0.9636875,0.02721875
41500,1.025321875,0.00890625,0.9629218749999998,0.028171875000000002
41600,1.0247781249999999,0.008609375,0.9636249999999997,0.027765625000000013
41700,1.024334375,0.008359375,0.9633515624999999,0.028289062500000007
41800,1.0241101562500001,0.0082109375,0.9640781249999998,0.027710937499999998
41900,1.0241968750000001,0.0082734375,0.9636953124999998,0.02803125
42000,1.0242445312499997,0.008171875,0.9641249999999999,0.027703125
42100,1.0238421875000003,0.0079296875,0.9648203124999998,0.02725
42200,1.0238749999999999,0.0080625,0.9643281249999999,0.027609374999999995
42300,1.0234484374999997,0.007789062500000001,0.9645312499999998,0.027679687499999987
42400,1.0230687499999997,0.007773437500000001,0.9658906249999998,0.02633593749999999
42500,1.0231601562500001,0.007773437500000001,0.9657343749999997,0.026492187499999993
42600,1.0229625000000002,0.007617187500000001,0.9652109374999998,0.027171874999999984
42700,1.0228343749999997,0.007726562500000001,0.9652578124999999,0.027015624999999995
42800,1.0227062500000001,0.007640625000000001,0.9650703124999997,0.027289062500000003
42900,1.0223687499999996,0.007539062500000001,0.9653046875000001,0.027156249999999996
43000,1.0221515625,0.0073750000000000005,0.9651093749999996,0.027515625
43100,1.0221328125000002,0.007296875,0.9655468749999997,0.027156249999999996
43200,1.0223914062500004,0.007078124999999999,0.9649296874999999,0.027992187499999995
43300,1.02226953125,0.0068515625,0.9645937499999997,0.028554687500000002
43400,1.0227296875,0.007015625,0.9642890625000001,0.028695312499999983
43500,1.0219234375000001,0.006921875,0.9653906249999997,0.027687499999999993
43600,1.0214765625000004,0.006796875,0.9654765624999997,0.027726562500000003
43700,1.020434375,0.0063984375000000005,0.9671484374999999,0.026453124999999997
43800,1.0202687499999998,0.0063906250000000005,0.9663984374999999,0.027210937499999994
43900,1.0199468749999996,0.00628125,0.9673671874999998,0.02635156249999999
44000,1.0196328124999996,0.0063671875,0.9675078124999996,0.026125
44100,1.019765625,0.0062265624999999995,0.9664218749999998,0.027351562499999996
44200,1.0194351562500001,0.0059609375,0.9668593749999995,0.027179687499999994
44300,1.0191007812500004,0.0059453125,0.9677421875,0.0263125
44400,1.0190523437499999,0.00575,0.9674765625,0.026773437499999997
44500,1.0188085937500002,0.005625,0.9676328124999996,0.026742187499999983
44600,1.0188039062499998,0.005828125,0.9675781249999996,0.026593749999999992
44700,1.0183570312499999,0.0056171875,0.9679765624999996,0.02640625
44800,1.0182507812500001,0.005539062500000001,0.9685468749999991,0.02591406249999999
44900,1.0185859375000001,0.005578125,0.9674062499999995,0.02701562499999999
45000,1.01837265625,0.00565625,0.9683124999999997,0.026031249999999992
45100,1.0177851562499998,0.0054453125000000005,0.9685468749999998,0.02600781249999999
45200,1.01763671875,0.005171875,0.9684453124999994,0.026382812500000002
45300,1.0174140625,0.005234375,0.9684453124999994,0.026320312499999995
45400,1.0168914062500003,0.004921875000000001,0.9686484374999997,0.0264296875
45500,1.0165960937499998,0.0048046875,0.9688984374999998,0.026296874999999987
45600,1.0162359375,0.004640625,0.9692343749999998,0.026125000000000002
45700,1.01601953125,0.004359375,0.9688124999999995,0.026828125
45800,1.0156554687500001,0.004328125,0.9696953124999995,0.0259765625
45900,1.0156546875,0.004203125,0.9689453124999999,0.02685156249999999
46000,1.0160437499999997,0.0043046874999999995,0.9687031249999997,0.026992187499999994
46100,1.01622265625,0.0044218750000000005,0.9689296874999996,0.026648437499999997
46200,1.0164671875000002,0.004546875000000001,0.9686406249999994,0.0268125
46300,1.016653125,0.004546875000000001,0.9679921874999996,0.027460937499999994
46400,1.0166914062499994,0.0046328125,0.9686015624999997,0.026765625
46500,1.016884375,0.0045234375,0.9684609374999994,0.02701562499999999
46600,1.0165546875000002,0.0045546875,0.9686874999999997,0.0267578125
46700,1.0167859375000001,0.0046015625,0.9685078124999997,0.026890624999999998
46800,1.01638828125,0.004421875,0.9688593749999995,0.026718749999999996
46900,1.0160515624999997,0.0042890624999999995,0.969859375,0.025851562499999998
47000,1.0156828125000001,0.0043359374999999995,0.9701484374999999,0.025515624999999993
47100,1.0155859374999998,0.004328125,0.9702187499999997,0.025453125
47200,1.0150281250000002,0.004101562499999999,0.9704531249999997,0.02544531249999999
47300,1.0146664062500004,0.00403125,0.9705546874999996,0.025414062499999994
47400,1.0147875000000002,0.0040390625,0.9703281249999999,0.02563281249999999
47500,1.0146523437500001,0.00390625,0.9703203124999995,0.025773437499999996
47600,1.01459921875,0.0039296875,0.9704296874999999,0.025640625
47700,1.0149296875000002,0.00403125,0.9702109374999994,0.025757812499999994
47800,1.0147289062499996,0.0038125,0.9707343749999997,0.025453124999999986
47900,1.0144406249999998,0.0036796875000000002,0.9708359375000001,0.025484374999999997
48000,1.01448125,0.0036953125000000002,0.9704531249999999,0.025851562499999994
48100,1.01406640625,0.0035390625,0.9709140625000001,0.025546874999999993
48200,1.0137890625,0.00359375,0.9709062499999999,0.02549999999999999
48300,1.0140585937500002,0.003640625,0.9703984374999995,0.02596093749999999
48400,1.0143617187499998,0.0036796875,0.9700624999999998,0.026257812499999988
48500,1.014903125,0.0038046875,0.9696171874999998,0.026578124999999987
48600,1.015178125,0.0038515625000000004,0.9695312499999996,0.026617187500000004
48700,1.0152414062500001,0.0037734375000000003,0.9697031249999998,0.02652343749999999
48800,1.01472890625,0.0037265625000000003,0.970328125,0.0259453125
48900,1.0149679687500004,0.00403125,0.9704062499999997,0.02556249999999999
49000,1.0154765625,0.0042578125,0.9697109374999997,0.02603124999999999
49100,1.0157625,0.0044375000000000005,0.9696093749999998,0.025953124999999994
49200,1.01637265625,0.004585937500000001,0.9689921874999997,0.026421874999999997
49300,1.0168140625000004,0.004703125000000001,0.9687968749999998,0.0265
49400,1.0171593749999999,0.004875000000000001,0.9684062499999998,0.026718749999999993
49500,1.0168304687500003,0.004890625,0.9689140625,0.026195312499999984
49600,1.0169953124999997,0.0047578125,0.9686406250000003,0.02660156249999999
49700,1.0171468750000003,0.00515625,0.9681328124999997,0.02671093749999999
49800,1.0170320312500003,0.0051796875,0.9689062499999999,0.02591406249999999
49900,1.0168054687499999,0.005125,0.9689296874999997,0.0259453125
50000,1.016846875,0.005171875,0.9688828125000003,0.025945312499999998
50100,1.0168624999999998,0.0052734375,0.9691015624999999,0.02562499999999999
50200,1.0169484375000002,0.0052812499999999995,0.9689218749999997,0.025796875
50300,1.01713046875,0.0053671875,0.9693515624999994,0.025281249999999998
50400,1.0174710937499998,0.0055625,0.9693203124999997,0.025117187499999995
50500,1.0177195312500005,0.005609375,0.9691874999999994,0.025203125000000007
50600,1.01783125,0.00559375,0.9689453124999997,0.025460937499999996
50700,1.017946875,0.005671875,0.96884375,0.025484374999999997
50800,1.01808515625,0.005710937500000001,0.9690312499999996,0.025257812499999983
50900,1.01806796875,0.005710937500000001,0.9690234374999998,0.025265624999999993
51000,1.0179859375,0.005664062500000001,0.9685625,0.025773437499999993
51100,1.01788125,0.00565625,0.9693515624999998,0.02499218749999999
51200,1.0180656250000004,0.005757812500000001,0.9687187499999997,0.025523437499999996
51300,1.0183054687500002,0.005828125,0.9683359374999995,0.025835937499999996
51400,1.01849140625,0.005765625,0.9676093749999999,0.026624999999999996
51500,1.0187203125000002,0.005773437500000001,0.9678124999999999,0.026414062500000005
51600,1.0189265625000001,0.005671875,0.9670703125,0.0272578125
51700,1.0182960937499999,0.005648437500000001,0.9680312499999999,0.026320312500000012
51800,1.0178781250000002,0.005421875,0.9681406249999995,0.026437499999999996
51900,1.01762109375,0.005328125,0.9680859374999998,0.026585937499999997
52000,1.017034375,0.005195312500000001,0.9686249999999995,0.0261796875
52100,1.0166640625,0.004984375,0.968484375,0.026531249999999996
52200,1.0162773437499997,0.004703125,0.9697343749999996,0.025562500000000002
52300,1.01617578125,0.0045546875,0.9695546874999996,0.025890624999999997
52400,1.0165859374999997,0.00471875,0.9693671874999994,0.02591406249999999
52500,1.0168539062500002,0.0048828125,0.9687421874999995,0.026375
52600,1.0169914062499996,0.005015625,0.9689218749999998,0.026062500000000006
52700,1.0172437500000002,0.005,0.9684374999999995,0.026562499999999996
52800,1.0173523437499998,0.0051015625,0.9690078124999998,0.025890624999999994
52900,1.0173382812500003,0.0051953125,0.969515625,0.0252890625
53000,1.01725234375,0.0053203125,0.9692187499999997,0.02546093749999999
53100,1.0173734375000003,0.005421875,0.9695156249999995,0.0250625
53200,1.01772421875,0.0055,0.9686406249999998,0.025859375
53300,1.0179453125000002,0.005484375,0.9683906249999998,0.026124999999999995
53400,1.0181445312499997,0.005523437500000001,0.9681874999999994,0.026289062499999995
53500,1.0184335937499998,0.0055,0.9675703124999995,0.0269296875
53600,1.0184609375,0.005648437499999999,0.9680390624999996,0.02631249999999999
53700,1.0191437500000002,0.005773437499999999,0.9664531249999998,0.02777343749999999
53800,1.0192328124999999,0.005976562499999999,0.9672578124999999,0.026765625
53900,1.0192828124999997,0.006015624999999999,0.9675156249999997,0.02646875
54000,1.0191546875,0.006187499999999999,0.9680703124999998,0.025742187499999996
