step,mean_aspect_ratio,fraction_elongated,fraction_round,fraction_binary
100,1.0,0.0,1.0,0.0
200,1.04683359375,0.0026484375000000015,0.8668828125,0.13046875
300,1.0384281250000003,0.0036093750000000023,0.8881484374999998,0.10824218749999999
400,1.0344156250000003,0.003914062500000002,0.8954140625000001,0.10067187500000001
500,1.0330570312499998,0.004070312500000002,0.8986171874999997,0.09731250000000001
600,1.0325671875,0.004406250000000002,0.9020390625000001,0.0935546875
700,1.0333898437499998,0.004765625000000002,0.9011171875000002,0.09411718749999999
800,1.0335546875,0.004703125000000002,0.9014999999999996,0.09379687499999999
900,1.0340421874999999,0.005242187500000003,0.9026562499999996,0.09210156250000003
1000,1.03471640625,0.005656250000000002,0.9011640625,0.0931796875
1100,1.03588515625,0.006109375000000003,0.9004140625000003,0.09347656249999999
1200,1.03679609375,0.006562500000000002,0.9003281249999998,0.09310937499999998
1300,1.0372718749999998,0.007093750000000003,0.9005078125000001,0.09239843749999996
1400,1.0385796875,0.007609375000000003,0.8991093750000001,0.09328125000000001
1500,1.0396507812500002,0.008101562500000003,0.8984843749999998,0.09341406250000003
1600,1.04104140625,0.008765625000000003,0.8977265625,0.09350781250000001
1700,1.04248515625,0.009429687499999999,0.8974296874999996,0.09314062499999998
1800,1.0453406250000001,0.010109375,0.8937734375,0.09611718749999998
1900,1.0469046875,0.010640625000000003,0.8935703125,0.09578906249999997
2000,1.0494484375000002,0.011703125000000002,0.8906953125000003,0.09760156250000002
2100,1.0516210937500001,0.012742187499999998,0.8904453124999998,0.09681249999999995
2200,1.0526445312500001,0.013468749999999995,0.8909687499999998,0.09556250000000002
2300,1.0547523437500002,0.014312499999999995,0.8911015624999997,0.09458593749999998
2400,1.0556656249999998,0.015187499999999996,0.8892578125000002,0.09555468749999999
2500,1.0585515625000002,0.016249999999999997,0.8887187500000002,0.09503124999999998
2600,1.0617398437500003,0.01760937499999999,0.8867890625000001,0.09560156250000001
2700,1.06360859375,0.01853124999999999,0.8851562500000003,0.0963125
2800,1.066428125,0.019921874999999995,0.8850546874999998,0.09502343750000002
2900,1.0695156250000002,0.021289062499999983,0.884671875,0.09403906250000002
3000,1.07268828125,0.02274218749999999,0.8817187499999999,0.09553906250000002
3100,1.07441484375,0.02396874999999999,0.8816250000000001,0.09440624999999997
3200,1.0765437499999997,0.02443749999999998,0.8795000000000002,0.09606250000000001
3300,1.0797484375,0.02589843749999999,0.8777890625,0.09631249999999998
3400,1.0839453124999996,0.027210937499999994,0.8738750000000003,0.09891406249999997
3500,1.0866203125000002,0.02799218749999998,0.8720234375,0.09998437499999999
3600,1.0883914062500002,0.028726562499999997,0.8726796875,0.09859375000000001
3700,1.0899999999999999,0.029859374999999987,0.8720156250000001,0.098125
3800,1.0930281249999998,0.03143749999999999,0.8701015624999998,0.09846093750000004
3900,1.09603828125,0.032351562499999986,0.8685312500000005,0.0991171875
4000,1.0996890625000002,0.034468749999999986,0.8669296874999998,0.09860156250000002
4100,1.1032093750000003,0.035859375,0.8640703124999999,0.10007031250000004
4200,1.1063140624999996,0.03746875,0.862796875,0.09973437499999996
4300,1.1095562500000002,0.03911718749999999,0.8629609375000002,0.097921875
4400,1.112309375,0.04049999999999998,0.8615546875000002,0.09794531249999996
4500,1.1155273437500004,0.04170312500000001,0.8591953125000003,0.09910156249999999
4600,1.1183765625000002,0.04348437499999999,0.8585546875000001,0.09796093750000001
4700,1.1218140624999993,0.044828125,0.8554062500000003,0.09976562500000002
4800,1.12555859375,0.04557031250000001,0.8513125,0.10311718750000001
4900,1.1289187500000004,0.047125,0.8508828125000002,0.1019921875
5000,1.1319671875,0.0477421875,0.8492890624999998,0.10296875000000001
5100,1.1342640624999996,0.04899218749999999,0.8477421875000001,0.10326562500000001
5200,1.1374687500000003,0.05020312499999999,0.8438046874999999,0.10599218749999999
5300,1.1400453124999999,0.05157812500000001,0.8444062499999999,0.10401562499999997
5400,1.1429046874999997,0.052554687499999996,0.8413515625000002,0.10609375000000003
5500,1.1438507812500003,0.05271875,0.8426250000000004,0.10465624999999998
5600,1.1454500000000003,0.05328125000000001,0.8424296874999999,0.10428906249999997
5700,1.14943359375,0.05484374999999999,0.8402734374999997,0.10488281249999998
5800,1.1528976562499995,0.056789062500000015,0.8373671874999998,0.10584374999999999
5900,1.1551859375000002,0.05809375,0.8367265624999999,0.1051796875
6000,1.1587320312499998,0.05935937499999998,0.83434375,0.10629687499999999
6100,1.1622078125000004,0.060679687499999996,0.8330078124999997,0.1063125
6200,1.1651656250000002,0.062257812500000016,0.8317734375,0.10596875
6300,1.1694078125000003,0.0645703125,0.8304140625,0.10501562500000002
6400,1.1721460937499997,0.06575000000000002,0.827375,0.10687500000000001
6500,1.1759367187500003,0.0674375,0.8250625000000003,0.1075
6600,1.1787445312499998,0.0688203125,0.8234375000000002,0.1077421875
6700,1.1827117187500005,0.07082031250000004,0.822296875,0.1068828125
6800,1.1851367187500004,0.0720546875,0.8205156249999997,0.10742968749999998
6900,1.1888999999999998,0.07389062499999999,0.818234375,0.10787499999999997
7000,1.1927468749999999,0.07546875000000001,0.8152265625,0.10930468750000003
7100,1.19591640625,0.07581250000000002,0.8133359375000002,0.11085156250000001
7200,1.1992195312499996,0.07678125,0.8090234375000002,0.11419531249999998
7300,1.20114375,0.07735156250000003,0.8085859375000003,0.11406250000000001
7400,1.2023421875000004,0.078375,0.8086562500000001,0.11296875
7500,1.2032734375,0.07899218749999999,0.8093359375000001,0.11167187500000002
7600,1.2052765625000004,0.0796015625,0.80803125,0.11236718750000001
7700,1.2085062499999994,0.08137499999999999,0.8071718749999998,0.11145312499999999
7800,1.2104085937500004,0.08248437500000001,0.8056484375,0.11186718750000002
7900,1.2136046874999997,0.08332031250000002,0.8043125,0.11236718749999998
8000,1.21376328125,0.08353125000000002,0.8045859375,0.11188281250000003
8100,1.2162750000000002,0.08482812499999998,0.8035703125,0.11160156250000003
8200,1.2182390624999997,0.08532812499999999,0.8016171874999999,0.11305468749999995
8300,1.22035390625,0.08549218749999997,0.7986796875000001,0.11582812499999999
8400,1.222065625,0.08657812499999998,0.7982500000000002,0.11517187500000002
8500,1.222496875,0.08735937500000002,0.7997343749999999,0.11290624999999994
8600,1.2240078124999993,0.08779687499999998,0.7974687500000002,0.114734375
8700,1.2241796875000002,0.08746093749999999,0.798171875,0.11436718749999998
8800,1.2251562500000004,0.08777343749999998,0.798078125,0.1141484375
8900,1.22826328125,0.08823437500000002,0.7953906249999999,0.11637499999999996
9000,1.2302312500000003,0.08912499999999998,0.7943359375,0.11653906250000001
9100,1.2317671875000005,0.08969531249999997,0.7935234375000003,0.11678125000000003
9200,1.2327749999999997,0.0906328125,0.7945468750000004,0.11482031250000001
9300,1.234040625,0.0913203125,0.7943046875000002,0.11437500000000003
9400,1.23516015625,0.09180468749999994,0.7929921874999996,0.11520312499999998
9500,1.2382468750000002,0.09289843750000001,0.791109375,0.1159921875
9600,1.23925,0.09396875,0.7905624999999998,0.11546875
9700,1.24135,0.09493750000000001,0.7896796875000001,0.1153828125
9800,1.2438812499999994,0.09589843750000002,0.788609375,0.1154921875
9900,1.2471414062499997,0.097734375,0.7867656250000001,0.11550000000000005
10000,1.2485976562499994,0.09782812500000003,0.7852656250000001,0.11690624999999999
10100,1.249940625,0.098375,0.7842656250000002,0.11735937500000003
10200,1.2515617187499999,0.09959374999999997,0.7830781250000003,0.11732812499999999
10300,1.2518124999999998,0.099140625,0.7819999999999998,0.11885937499999999
10400,1.2527132812500001,0.099046875,0.7810781250000002,0.11987499999999998
10500,1.2534312500000004,0.09934375000000001,0.7810546875000003,0.11960156250000001
10600,1.2538781249999995,0.09871874999999998,0.7788984375000001,0.1223828125
10700,1.25637578125,0.10014062500000004,0.7792890624999999,0.12057031249999997
10800,1.2576617187500003,0.10082812500000003,0.7794609375,0.11971093750000002
10900,1.2596695312499997,0.10168750000000003,0.7797031249999997,0.11860937499999999
11000,1.26180625,0.10267187500000004,0.7774140624999999,0.11991406250000003
11100,1.2647632812499996,0.10453124999999999,0.7760781250000001,0.11939062500000003
11200,1.2676999999999994,0.10545312500000001,0.7726562499999998,0.12189062499999999
11300,1.2699296875000001,0.10655468750000002,0.7719921875,0.12145312500000006
11400,1.2707773437499998,0.1069375,0.7717421875000001,0.12132031249999996
11500,1.2705624999999996,0.107625,0.7727421874999999,0.11963281250000006
11600,1.2727601562499997,0.108453125,0.771578125,0.11996874999999997
11700,1.2738007812499998,0.10921874999999999,0.7707656249999999,0.12001562500000001
11800,1.2742679687499998,0.10977343749999999,0.7706875,0.1195390625
11900,1.2765359374999998,0.11049218749999995,0.7691953125000001,0.12031250000000002
12000,1.2769054687499999,0.11081249999999997,0.7704765624999999,0.11871093750000004
12100,1.2795445312499996,0.1124453125,0.7677578125,0.11979687499999997
12200,1.2844484375000005,0.11467968750000003,0.7648984375000002,0.12042187500000003
12300,1.288253125,0.11603124999999997,0.7637031249999998,0.12026562499999999
12400,1.2910351562500002,0.11799999999999998,0.7621406249999998,0.11985937500000003
12500,1.2939765624999997,0.119578125,0.7609843749999998,0.11943749999999997
12600,1.2953570312499998,0.12013281250000005,0.7613984374999998,0.11846875000000001
12700,1.298165625,0.121546875,0.7593984375000001,0.1190546875
12800,1.2999867187500005,0.12193750000000002,0.75896875,0.11909375000000003
12900,1.3027390625000004,0.12285156249999997,0.7555000000000002,0.12164843750000004
13000,1.3045437500000001,0.12375000000000001,0.7536953124999997,0.12255468750000002
13100,1.3072945312500004,0.12502343750000003,0.7533124999999999,0.12166406249999996
13200,1.3115960937499995,0.127359375,0.7513281250000001,0.12131249999999999
13300,1.31759296875,0.1295703125,0.7462812500000001,0.12414843750000001
13400,1.3213640624999996,0.131484375,0.7448359375000002,0.12367968749999998
13500,1.32507578125,0.13263281249999997,0.7417734375000001,0.12559374999999995
13600,1.3263640624999997,0.13290625,0.7408515624999998,0.12624218750000002
13700,1.3298109374999998,0.13449218750000005,0.7386328125000001,0.126875
13800,1.3323421874999997,0.13571875,0.7369843749999998,0.127296875
13900,1.3324734374999996,0.1354765625,0.7372812499999999,0.1272421875
14000,1.3309476562500004,0.13488281249999998,0.7393359374999998,0.12578125
14100,1.3322859374999996,0.1352890625,0.7384062499999999,0.12630468749999996
14200,1.3330382812500003,0.13607812499999994,0.7385234375000002,0.12539843750000004
14300,1.3339046875000005,0.1366484375,0.7380078125,0.12534375
14400,1.3366890625000005,0.13745312499999998,0.7358124999999999,0.12673437500000004
14500,1.3392117187500001,0.1395625,0.7345156249999998,0.12592187500000004
14600,1.3419656250000003,0.14017968749999998,0.732578125,0.12724218750000002
14700,1.3467117187500004,0.14178125000000003,0.7285625000000001,0.12965625
14800,1.3503945312500003,0.14344531249999995,0.7260703124999999,0.13048437499999999
14900,1.3537570312500002,0.1451171875,0.7246875000000003,0.1301953125
15000,1.3563882812499997,0.14639843749999995,0.72271875,0.13088281250000003
15100,1.3567132812499993,0.1460234375,0.7227578125000002,0.13121875000000005
15200,1.3575523437500003,0.146546875,0.721578125,0.13187500000000005
15300,1.3590609374999996,0.14742187499999998,0.7182031250000002,0.13437500000000002
15400,1.3621703125,0.14840625,0.7174765624999998,0.1341171875
15500,1.3638882812500002,0.149234375,0.7177578125000003,0.1330078125
15600,1.3661109375000005,0.1504296874999999,0.7169765625,0.13259375000000004
15700,1.3695132812500004,0.15301562500000002,0.7153828124999999,0.13160156250000002
15800,1.37072890625,0.15349218749999996,0.7153671874999998,0.13114062499999996
15900,1.3739148437499997,0.15484375000000003,0.7136249999999997,0.13153125000000002
16000,1.3749242187499997,0.15523437499999998,0.7125546875000003,0.13221093750000001
16100,1.37733125,0.15604687500000003,0.712984375,0.13096875
16200,1.3789281249999998,0.15740625,0.7120234374999996,0.1305703125
16300,1.3806539062499998,0.15714062499999998,0.7113046875,0.1315546875
16400,1.37980234375,0.15753906249999997,0.7115468749999999,0.13091406250000007
16500,1.37966171875,0.15790625000000003,0.7123281250000001,0.129765625
16600,1.38043125,0.1579375,0.7117421875,0.1303203125
16700,1.3817929687499997,0.15822656249999995,0.7099765625000003,0.13179687500000004
16800,1.3842039062499998,0.15934375,0.7076875000000002,0.13296875
16900,1.3894125000000002,0.16183593750000003,0.7037968749999995,0.1343671875
17000,1.3939273437500002,0.16377343749999995,0.7003515625000001,0.13587499999999997
17100,1.3987695312499995,0.16509374999999993,0.6970546874999999,0.13785156249999997
17200,1.4035312499999997,0.16733593749999995,0.6932421874999999,0.139421875
17300,1.4060359375,0.16792187499999997,0.6919765624999998,0.14010156249999994
17400,1.40917734375,0.16911718750000004,0.6898984375000001,0.14098437500000002
17500,1.4110265624999996,0.16985937500000006,0.6900546874999995,0.14008593749999998
17600,1.4100453125,0.16864062500000007,0.6909531250000001,0.14040625
17700,1.4092031250000001,0.16848437499999996,0.6920390624999999,0.1394765625
17800,1.4099046875,0.16836718749999996,0.6892734374999998,0.14235937500000004
17900,1.40985859375,0.1684609375,0.69059375,0.1409453125
18000,1.4092453125000004,0.16841406250000002,0.691375,0.14021093749999997
18100,1.40886328125,0.16958593749999998,0.6928593749999999,0.1375546875
18200,1.4077046874999999,0.16889843750000003,0.6946171874999997,0.136484375
18300,1.4076015625000002,0.16912500000000003,0.6949375000000001,0.13593749999999996
18400,1.406675,0.16891406250000005,0.6959843749999999,0.13510156250000002
18500,1.4037562500000005,0.1678593749999999,0.6989296874999998,0.13321093750000002
18600,1.40089765625,0.16663281250000003,0.7008281249999999,0.1325390625
18700,1.40083203125,0.1670703125,0.7000703125000001,0.132859375
18800,1.39917265625,0.16528125000000007,0.7019687500000004,0.13275000000000003
18900,1.3962,0.165453125,0.7047734375000001,0.12977343750000003
19000,1.3951296875000005,0.16509374999999996,0.7042890624999999,0.1306171875
19100,1.3970140624999998,0.16495312499999995,0.7014140624999999,0.13363281250000003
19200,1.396625,0.16452343749999998,0.7011953125000001,0.13428125
19300,1.3982226562499995,0.16543750000000004,0.6999140625000001,0.1346484375
19400,1.400928125,0.16598437500000005,0.6971484374999999,0.1368671875
19500,1.40134453125,0.16526562499999994,0.6970625000000001,0.137671875
19600,1.4027632812500002,0.16574218750000003,0.6949374999999997,0.13932031249999996
19700,1.4035414062500002,0.16563281249999998,0.692859375,0.1415078125
19800,1.4056414062499998,0.16692187500000003,0.6911484374999999,0.1419296875
19900,1.40869765625,0.16824999999999998,0.6891953124999999,0.14255468750000003
20000,1.41118359375,0.16837499999999997,0.6869687499999999,0.14465625000000001
20100,1.41283515625,0.16929687499999996,0.6853203124999998,0.14538281250000007
20200,1.4154242187499997,0.16976562499999995,0.682484375,0.14775000000000002
20300,1.4153054687500002,0.17015624999999995,0.6833750000000002,0.14646875
20400,1.4170671874999998,0.17077343749999999,0.6832968750000002,0.14592968749999993
20500,1.4182390625,0.17107031250000002,0.6838671874999998,0.1450625
20600,1.4169234374999997,0.17144531250000003,0.6852812500000002,0.1432734375
20700,1.4150890624999997,0.17018750000000007,0.6870859374999999,0.14272656250000004
20800,1.41429140625,0.1698046875,0.6881562499999999,0.1420390625
20900,1.4105742187500006,0.16824218750000006,0.6888984374999997,0.14285937499999998
21000,1.4078414062499998,0.1666171875000001,0.6918828125000003,0.1415
21100,1.405053125,0.16640624999999998,0.6948515624999999,0.13874218750000003
21200,1.4035796875000006,0.16559375,0.6956015624999997,0.13880468749999997
21300,1.404370312500001,0.16618750000000002,0.6958906249999999,0.13792187500000003
21400,1.4033945312499996,0.16603906249999995,0.6962109375000001,0.13775000000000004
21500,1.4023406250000001,0.16540624999999995,0.6982343750000001,0.13635937500000003
21600,1.4003679687499995,0.1653359375,0.6995312499999999,0.13513281250000003
21700,1.3976515625,0.16396874999999994,0.7004218749999999,0.135609375
21800,1.3944609375,0.16305468749999996,0.7012421875000001,0.13570312499999998
21900,1.3951820312499996,0.16428124999999996,0.7002499999999997,0.13546874999999997
22000,1.3974382812500004,0.16466406249999999,0.6990078125000001,0.13632812499999997
22100,1.3997132812500002,0.16575000000000006,0.6973515625,0.13689843750000003
22200,1.3986804687499999,0.16609374999999998,0.6990546875,0.1348515625
22300,1.40005546875,0.16677343749999995,0.6994765625000001,0.13375
22400,1.4037734374999997,0.16817968749999998,0.6967343749999999,0.1350859375
22500,1.4070312499999993,0.16971875000000003,0.6936171875000002,0.13666406250000002
22600,1.4107625000000006,0.17104687500000004,0.6920703125,0.1368828125
22700,1.41308671875,0.17232031250000002,0.6897656249999999,0.13791406249999996
22800,1.4153093750000005,0.17364062499999994,0.6886171875,0.1377421875
22900,1.4173523437499995,0.1748359375,0.68765625,0.1375078125
23000,1.4198039062499996,0.1768203125,0.6880078125,0.13517187500000002
23100,1.4183359375000004,0.17584375000000002,0.689625,0.13453124999999996
23200,1.4172492187500003,0.17522656250000002,0.6896875000000001,0.1350859375
23300,1.4158148437500002,0.17436718750000002,0.69121875,0.1344140625
23400,1.4147937499999999,0.17347656250000001,0.6915468750000001,0.13497656249999998
23500,1.4164664062499996,0.1737656250000001,0.6877343749999999,0.1385
23600,1.4195671875,0.17387500000000006,0.6844765624999999,0.14164843750000009
23700,1.4194492187500005,0.17403906250000006,0.6843281249999998,0.14163281249999998
23800,1.4187234375,0.17342187500000006,0.6841171875,0.14246093750000005
23900,1.41681875,0.17221874999999992,0.6845703124999996,0.14321093749999994
24000,1.4145414062500001,0.17138281250000004,0.6845,0.1441171875
24100,1.4124648437500003,0.16990624999999998,0.6865625,0.14353125000000003
24200,1.4136671875,0.16981250000000003,0.6858359374999998,0.14435156249999997
24300,1.4126445312500007,0.17081250000000003,0.6881796874999999,0.14100781249999997
24400,1.4096937500000002,0.1702421875,0.6927109375000001,0.13704687500000004
24500,1.4096429687499996,0.16992187500000006,0.6927031250000002,0.13737499999999997
24600,1.4096085937500007,0.17076562500000003,0.6933203124999998,0.13591406250000002
24700,1.4089281249999999,0.1704296875,0.692671875,0.1368984375
24800,1.408321875,0.16976562500000003,0.6929843749999999,0.13725000000000007
24900,1.4076484374999998,0.1708359375,0.6943906250000003,0.13477343749999998
25000,1.4080445312500003,0.17078906250000006,0.6955703124999999,0.133640625
25100,1.40568984375,0.16928125000000002,0.6972968750000001,0.13342187500000002
25200,1.4026312499999996,0.16797656249999998,0.6985078124999997,0.13351562500000003
25300,1.4002320312500003,0.16757031250000007,0.6990234375,0.13340625000000006
25400,1.3996148437499998,0.16660937500000006,0.6987890625,0.1346015625
25500,1.3978132812500002,0.16553124999999996,0.6994609375,0.1350078125
25600,1.3953148437500005,0.16482031249999993,0.7018984375,0.13328125
25700,1.3947335937500003,0.164234375,0.7026171874999997,0.13314843750000002
25800,1.3932476562499998,0.16439843750000002,0.7040000000000003,0.13160156250000005
25900,1.3949328125,0.16448437500000002,0.70321875,0.132296875
26000,1.3952703124999997,0.1645390625,0.7033906249999999,0.1320703125
26100,1.3930093749999999,0.16341406249999998,0.7025703125000001,0.13401562500000003
26200,1.3953437499999999,0.1642109375,0.700203125,0.13558593750000003
26300,1.3955343750000002,0.16382031249999998,0.6991171875000001,0.13706250000000003
26400,1.3959429687500005,0.16393750000000004,0.7010078124999999,0.13505468750000005
26500,1.3960609375000004,0.16467187500000002,0.7024843749999997,0.13284375
26600,1.396371875,0.16550781249999996,0.7014375,0.13305468750000005
26700,1.3968851562499998,0.16608593749999995,0.702109375,0.13180468749999993
26800,1.3988492187500001,0.16665624999999995,0.6992421874999999,0.13410156250000002
26900,1.4005335937500003,0.1677421875,0.6984374999999999,0.13382031250000004
27000,1.4005656249999996,0.167546875,0.6969765624999998,0.13547656250000006
27100,1.4030117187500002,0.16796874999999997,0.6958906250000001,0.13614062500000002
27200,1.40518515625,0.16849999999999998,0.6950937500000002,0.13640624999999998
27300,1.4089250000000004,0.17114843750000003,0.6927812500000001,0.13607031249999996
27400,1.4105898437499997,0.17176562499999998,0.692078125,0.13615625
27500,1.4121859375000008,0.1730546875,0.6931250000000002,0.1338203125
27600,1.41276171875,0.1728125,0.6920234374999998,0.13516406249999996
27700,1.4147406249999999,0.1737734375,0.6910390624999998,0.13518750000000002
27800,1.417032812500001,0.17488281249999996,0.6897968750000004,0.13532031249999996
27900,1.4191468750000005,0.1753046875,0.6878828125,0.1368125
28000,1.419300000000001,0.1753984375,0.6874609374999999,0.13714062500000007
28100,1.42124453125,0.1762421874999999,0.6860234375,0.13773437500000002
28200,1.4205890625,0.17599218750000004,0.6867187500000003,0.13728906249999998
28300,1.41909140625,0.1758828125,0.6881171875000001,0.13600000000000004
28400,1.41806640625,0.17542968750000004,0.688515625,0.13605468749999997
28500,1.4172656249999993,0.17468750000000002,0.6868749999999997,0.1384375
28600,1.4140062499999995,0.17291406250000002,0.6885468750000002,0.13853906250000003
28700,1.4140875000000006,0.1714375,0.6884218749999997,0.14014062500000005
28800,1.4126632812500002,0.17080468750000002,0.6884140624999999,0.14078125
28900,1.4112335937499998,0.1703125,0.6896796875,0.1400078125
29000,1.4130945312499996,0.17250000000000001,0.6894687500000002,0.13803125
29100,1.4125929687499996,0.17160156250000003,0.6902421875000002,0.13815625
29200,1.4147890625000004,0.173078125,0.6886640625,0.13825781250000002
29300,1.41360703125,0.17228125,0.690796875,0.13692187500000003
29400,1.4142101562499994,0.1719609375,0.6897656249999999,0.13827343749999996
29500,1.4143734375,0.17231250000000006,0.6892968750000001,0.13839062500000002
29600,1.4140046874999999,0.1724765625,0.68946875,0.13805468749999997
29700,1.4135406249999993,0.1722421875,0.6894765625000002,0.13828125000000002
29800,1.4118757812499998,0.17170312500000004,0.6917421875,0.1365546875
29900,1.41039296875,0.17079687499999993,0.692328125,0.136875
30000,1.4078953125,0.1696953125,0.6944765625000002,0.135828125
30100,1.4071750000000003,0.17017187500000006,0.6974062499999998,0.13242187500000002
30200,1.4066226562500004,0.16995312499999998,0.6965859374999999,0.13346093749999996
30300,1.4110062500000002,0.17203125000000005,0.6923359375000001,0.13563281250000003
30400,1.4153851562499995,0.1741640625,0.6895234374999999,0.13631250000000003
30500,1.41998671875,0.17583593749999993,0.6851250000000001,0.13903906250000003
30600,1.4224328125,0.17791406250000003,0.6849062499999999,0.13717968750000004
30700,1.4249859374999998,0.17885937499999996,0.6830390624999997,0.13810156249999997
30800,1.4265789062499994,0.17924218750000007,0.683,0.1377578125
30900,1.4300460937500001,0.18020312499999996,0.6788593750000004,0.14093750000000005
31000,1.4331750000000003,0.1815781250000001,0.6774921875000001,0.1409296875
31100,1.4370156250000001,0.184015625,0.6743828125,0.14160156250000003
31200,1.44060703125,0.18457031249999992,0.6710703124999998,0.14435937500000004
31300,1.4432000000000003,0.18564062499999998,0.6681328125000001,0.14622656250000002
31400,1.4446476562499995,0.18589062500000006,0.6660703125000002,0.14803906249999998
31500,1.4467304687499998,0.18617187500000001,0.6641874999999998,0.14964062500000003
31600,1.44587265625,0.186296875,0.6664843750000001,0.14721874999999998
31700,1.44374453125,0.186796875,0.6695234375000002,0.14367968750000001
31800,1.443732812499999,0.18656249999999994,0.6698984375000002,0.14353906249999998
31900,1.4450671875,0.18658593749999994,0.6693046875,0.14410937499999998
32000,1.4449984374999998,0.18751562499999996,0.6726718749999999,0.13981250000000003
32100,1.4438585937500006,0.18737499999999996,0.6731875,0.1394375
32200,1.4450546875000003,0.1885,0.6726171875000001,0.13888281250000006
32300,1.4441484375000007,0.18678124999999993,0.6723984375,0.14082031250000004
32400,1.4443999999999995,0.18553125,0.6710156250000001,0.14345312500000001
32500,1.4426929687500003,0.1844296875,0.6708203125000002,0.14475000000000002
32600,1.4436218749999996,0.1845234375,0.6713515625000002,0.14412500000000003
32700,1.4430601562499994,0.18503906250000005,0.6708437500000001,0.14411718749999997
32800,1.4445539062500001,0.18585937499999994,0.6700859375,0.1440546875
32900,1.4435234375,0.18534375000000008,0.6713125000000002,0.14334375
33000,1.4436054687500002,0.18568749999999998,0.6715390624999998,0.14277343750000004
33100,1.4421546875000004,0.18522656249999997,0.6729921874999999,0.14178125
33200,1.4403273437499997,0.184390625,0.6747656249999998,0.14084375000000005
33300,1.4394171875000004,0.18347656250000002,0.6762890625,0.14023437500000002
33400,1.4382921874999994,0.1828671875,0.6745625000000001,0.1425703125
33500,1.4365062500000003,0.18210156250000004,0.6769218749999998,0.14097656250000004
33600,1.4366351562500006,0.18131250000000002,0.6750390625,0.1436484375
33700,1.4361710937499998,0.1813125,0.6757265625,0.14296093750000002
33800,1.43330078125,0.1795390625,0.6777343750000002,0.14272656249999993
33900,1.4329679687500005,0.1795625,0.6774453124999998,0.14299218750000012
34000,1.4291218749999999,0.17836718749999997,0.6801796874999998,0.14145312499999996
34100,1.42604296875,0.17658593749999996,0.6811484375000004,0.14226562499999998
34200,1.4240046875000003,0.17569531249999995,0.68221875,0.14208593750000004
34300,1.420975,0.1745,0.685296875,0.14020312500000004
34400,1.4200539062499995,0.17464062500000005,0.6853593750000001,0.14
34500,1.419225,0.1738203125,0.6833671874999998,0.14281249999999998
34600,1.41505234375,0.1717109375,0.6867500000000001,0.1415390625
34700,1.4132765625000006,0.17048437499999988,0.6866328125,0.14288281250000004
34800,1.4119265625,0.169703125,0.6856953124999999,0.1446015625
34900,1.4123984374999998,0.16939843749999997,0.6854453125,0.14515625
35000,1.4122718750000005,0.17066406249999994,0.6878749999999999,0.14146093749999997
35100,1.41709453125,0.1716796875000001,0.6838203125,0.14450000000000005
35200,1.4173382812499997,0.17147656249999996,0.6840703125000003,0.14445312499999996
35300,1.41356640625,0.1704765625,0.6888828125000002,0.14064062500000005
35400,1.4109429687500004,0.17014843749999992,0.6912968749999998,0.13855468749999997
35500,1.4075460937500004,0.16913281249999998,0.6936796875000001,0.13718750000000002
35600,1.4050421874999999,0.16819531249999994,0.6949453124999998,0.13685937499999998
35700,1.4024273437499997,0.16686718750000004,0.69625,0.13688281250000003
35800,1.3992914062499997,0.1661015625,0.699515625,0.13438281249999998
35900,1.3974210937499998,0.16582031249999993,0.7012031250000001,0.13297656249999995
36000,1.3954273437500002,0.16478906250000008,0.70228125,0.1329296875
36100,1.3940656250000003,0.16416406249999999,0.7036953125000001,0.132140625
36200,1.3931726562499998,0.16376562499999997,0.7031718750000001,0.1330625
36300,1.393884375,0.16457812500000002,0.7032968749999997,0.132125
36400,1.3924078125000001,0.16409374999999998,0.7044140624999999,0.13149218749999997
36500,1.3924499999999995,0.16371093750000001,0.7039765624999998,0.1323125
36600,1.3950484374999996,0.1643515625,0.7005390625000001,0.135109375
36700,1.3951984375000004,0.16400000000000003,0.699515625,0.136484375
36800,1.3975906249999999,0.1639921875,0.6972421875000003,0.138765625
36900,1.4011320312500004,0.16465625,0.6937968750000002,0.14154687499999996
37000,1.4055078124999993,0.16772656250000004,0.6918984375000002,0.140375
37100,1.4093078125000003,0.16974218750000006,0.6888984374999998,0.14135937499999998
37200,1.4108734375,0.17021093750000002,0.6884375000000001,0.14135156249999994
37300,1.4124773437499998,0.17030468749999997,0.68728125,0.14241406250000008
37400,1.4121312499999996,0.17031250000000006,0.6876015625,0.1420859375000001
37500,1.4115937499999998,0.17089843750000006,0.6879609375,0.141140625
37600,1.4137359375,0.17138281249999998,0.6881171875000001,0.14050000000000007
37700,1.4133343749999991,0.17120312499999998,0.6888515625000002,0.1399453125
37800,1.4109132812500003,0.17013281250000006,0.6910312500000001,0.13883593749999998
37900,1.41057890625,0.17039843750000003,0.6925546874999999,0.13704687500000004
38000,1.4089101562500002,0.17005468750000008,0.6935234374999999,0.136421875
38100,1.4089539062499994,0.169640625,0.6919062500000001,0.13845312499999998
38200,1.40960546875,0.1692109375,0.6916015624999999,0.1391875
38300,1.4094007812499998,0.16909375,0.6913125,0.13959375
38400,1.4109914062499997,0.170140625,0.6900234375000001,0.1398359375
38500,1.4122023437500004,0.17030468749999994,0.6894218750000001,0.14027343750000001
38600,1.4114023437499998,0.16968749999999996,0.6910468750000001,0.13926562500000006
38700,1.4127414062499994,0.17118750000000002,0.6910000000000001,0.13781249999999998
38800,1.4136843749999999,0.17231250000000004,0.6916171875000003,0.13607031249999998
38900,1.4155000000000004,0.17322656250000004,0.6890546875,0.13771875
39000,1.4172226562499999,0.17444531250000006,0.6885546874999999,0.137
39100,1.4184445312500003,0.17517968750000001,0.6882812499999998,0.13653906249999997
39200,1.4193765624999997,0.17517968749999996,0.6870937500000001,0.13772656249999995
39300,1.4180367187499998,0.1753671875,0.690015625,0.1346171875
39400,1.4176234375,0.17517968750000001,0.6906171875000001,0.134203125
39500,1.4170015625,0.17523437500000008,0.6914687499999997,0.133296875
39600,1.4149796875,0.17439843749999995,0.693,0.13260156249999996
39700,1.4148101562500004,0.17465624999999996,0.6939296875000003,0.13141406249999998
39800,1.4130320312499998,0.1740234375,0.6958046875,0.13017187499999996
39900,1.4132460937499998,0.17415624999999998,0.6946562499999998,0.13118749999999998
40000,1.4112749999999994,0.17267968749999998,0.6946015625,0.13271875000000002
40100,1.413234375,0.17362500000000008,0.6929374999999998,0.13343750000000004
40200,1.4149375000000004,0.17356249999999998,0.6901562499999999,0.13628124999999996
40300,1.4144601562499994,0.17289843750000003,0.6882031249999998,0.13889843749999997
40400,1.4149960937499997,0.17303906249999995,0.6869609375,0.14
40500,1.4162648437500003,0.17275781250000002,0.6860546875000001,0.1411875
40600,1.41498125,0.1725078124999999,0.687234375,0.1402578125
40700,1.4127367187500002,0.17116406249999996,0.6883046875,0.14053125
40800,1.41245546875,0.170546875,0.6893203125,0.14013281250000012
40900,1.4099515625,0.16993750000000007,0.6898203125,0.14024218749999998
41000,1.4099875,0.16917968749999995,0.6892578125000004,0.1415625
41100,1.4119507812499998,0.17018750000000002,0.68840625,0.14140625
41200,1.4111742187499998,0.16996875000000006,0.6913046874999997,0.1387265625
41300,1.41058046875,0.17034374999999993,0.6922499999999999,0.13740624999999998
41400,1.40830234375,0.16980468750000002,0.6927734374999999,0.137421875
41500,1.4042328125000005,0.16860937499999995,0.6978828125000001,0.13350781249999993
41600,1.4014257812500002,0.1679921875,0.7007421875,0.131265625
41700,1.4011226562500003,0.16742968750000006,0.7015625,0.13100781250000001
41800,1.4002007812500001,0.16792968750000006,0.701390625,0.13067968749999997
41900,1.3992312500000004,0.16728125,0.7030781249999998,0.12964062499999998
42000,1.3962492187499997,0.166375,0.7045390624999999,0.12908593749999997
42100,1.3942804687500001,0.16507031249999998,0.7055,0.12942968750000003
42200,1.393846875,0.16506249999999992,0.7054062500000001,0.12953125000000001
42300,1.39472890625,0.16464843750000002,0.7033359374999998,0.132015625
42400,1.3943554687499995,0.16408593749999997,0.7017265625,0.13418749999999996
42500,1.3938070312499997,0.16390625,0.7035156249999996,0.13257812500000002
42600,1.3941773437500002,0.16363281249999997,0.7029453124999997,0.13342187500000002
42700,1.3944,0.1629375,0.702140625,0.13492187500000002
42800,1.3926679687499999,0.1627890625,0.7049609375,0.13224999999999998
42900,1.3923078125,0.16306250000000005,0.7045546875000003,0.13238281249999997
43000,1.3928382812499998,0.16374218750000002,0.7042421875,0.132015625
43100,1.3931234375,0.16487500000000002,0.7044609374999997,0.1306640625
43200,1.3942539062500001,0.16514062499999993,0.7038515625000004,0.13100781249999996
43300,1.3946257812500005,0.16487499999999994,0.7044062500000003,0.13071875000000002
43400,1.39635859375,0.16506250000000008,0.7020390624999999,0.13289843749999997
43500,1.3987296875,0.16586718749999999,0.6985781250000002,0.13555468749999997
43600,1.40069609375,0.1663515625,0.6976093749999998,0.13603906249999997
43700,1.4035562499999998,0.16699218749999997,0.6947109375000002,0.13829687500000004
43800,1.4055546875000007,0.16828125,0.6947656250000002,0.136953125
43900,1.40483984375,0.168015625,0.6935312499999998,0.138453125
44000,1.403790625,0.16768749999999996,0.6961015625,0.13621093750000002
44100,1.4028335937500003,0.16814843750000005,0.6973671875,0.13448437500000002
44200,1.4029828125,0.1675078124999999,0.6981718749999999,0.1343203125
44300,1.4022937499999997,0.1674296875,0.6979453125000001,0.13462499999999994
44400,1.4030570312500001,0.16835156250000005,0.6974999999999999,0.13414843750000002
44500,1.4046687500000004,0.16957031250000004,0.696859375,0.1335703125
44600,1.4070695312500001,0.17005468749999997,0.693953125,0.13599218749999997
44700,1.4083164062500002,0.16999999999999993,0.6921171875000001,0.1378828125
44800,1.4081515625000005,0.1696875,0.6921250000000002,0.13818750000000002
44900,1.4063734374999994,0.1683203125,0.692625,0.13905468749999997
45000,1.4044406250000003,0.16757812500000005,0.6950703125000001,0.1373515625
45100,1.4014648437499992,0.16631250000000003,0.6964999999999997,0.1371875
45200,1.3993812499999998,0.16586718749999996,0.6974609374999998,0.13667187500000003
45300,1.3976164062500003,0.16494531250000002,0.697234375,0.13782031250000001
45400,1.3953835937499994,0.16467968749999995,0.7008671874999999,0.13445312499999998
45500,1.396959375,0.16392187500000005,0.6985390625,0.13753906249999998
45600,1.3960601562500001,0.16360937499999997,0.6980859375,0.1383046875
45700,1.39576015625,0.163625,0.6992109375,0.13716406250000004
45800,1.3946343749999999,0.16284374999999995,0.6991484374999999,0.13800781249999997
45900,1.3934421875,0.1626953125,0.6994609375,0.13784375000000001
46000,1.3938281249999998,0.16170312500000003,0.69946875,0.13882812499999997
46100,1.3943335937500005,0.162265625,0.6994296875,0.13830468750000002
46200,1.3953195312499997,0.162375,0.6987890625,0.13883593749999998
46300,1.39375859375,0.1630234375,0.7005546874999998,0.136421875
46400,1.3933390625000002,0.16300000000000003,0.7008671874999999,0.13613281250000003
46500,1.39353984375,0.16264843750000008,0.7020625000000001,0.13528906250000003
46600,1.3940546875000004,0.16297656250000003,0.7009531250000001,0.13607031250000004
46700,1.3937007812500004,0.16225781250000004,0.7013046875,0.1364375
46800,1.3945054687500005,0.16259375000000004,0.7004375000000002,0.13696874999999997
46900,1.39101875,0.16133593749999997,0.704890625,0.13377343750000006
47000,1.3906000000000003,0.1615078125,0.705125,0.1333671875
47100,1.38931875,0.16085937499999997,0.706828125,0.13231249999999997
47200,1.3880671875000004,0.16012500000000002,0.7075859374999999,0.13228906250000003
47300,1.3877179687500005,0.160390625,0.7060625000000001,0.13354687500000004
47400,1.3884499999999997,0.16046093750000004,0.7052578125000002,0.13428125000000002
47500,1.38723828125,0.160453125,0.7061250000000002,0.13342187500000008
47600,1.3896109375000003,0.16148437499999996,0.7054218749999999,0.13309374999999998
47700,1.3898195312499995,0.1613203125,0.70540625,0.1332734375
47800,1.38920625,0.16123437499999996,0.7055234375,0.13324218749999997
47900,1.3862359374999997,0.1597890625,0.7078984374999999,0.13231249999999997
48000,1.3862828124999997,0.16010156250000007,0.7066718750000001,0.1332265625
48100,1.3854820312499996,0.15954687499999995,0.7064062499999999,0.134046875
48200,1.38635390625,0.16019531249999996,0.7059375,0.13386718749999998
48300,1.3879664062500008,0.16046875,0.7047109375,0.1348203125
48400,1.389328125,0.160875,0.7031953124999999,0.13592968749999998
48500,1.3903210937500001,0.16100000000000006,0.7009999999999997,0.138
48600,1.3916945312499993,0.16172656249999998,0.70209375,0.13617968749999995
48700,1.390904687500001,0.16128125,0.7040234375,0.13469531249999994
48800,1.3907812500000005,0.16136718750000004,0.70371875,0.13491406250000001
48900,1.3912593750000002,0.16107031250000003,0.7015468750000001,0.1373828125
49000,1.3899328125,0.16124999999999998,0.7057265625000001,0.13302343749999995
49100,1.3873921875000002,0.16079687499999998,0.7082265624999999,0.13097656249999998
49200,1.3885140624999999,0.16152343749999998,0.7075625000000002,0.13091406249999996
49300,1.3861312500000003,0.1606484375,0.7101875000000001,0.12916406250000004
49400,1.3827992187500002,0.15905468749999993,0.7112890625,0.12965625
49500,1.3814601562500002,0.15783593750000002,0.7104531250000002,0.13171093750000004
49600,1.3804632812499995,0.15748437499999998,0.7112578125,0.1312578125
49700,1.3796703125000007,0.15704687499999997,0.7118359375000002,0.13111718749999995
49800,1.38002109375,0.15670312500000003,0.7113671874999999,0.1319296875
49900,1.37933046875,0.15747656250000003,0.7122421875,0.13028125000000002
50000,1.3804125,0.1585390625,0.711421875,0.1300390625
50100,1.3801710937500002,0.1575703125,0.711015625,0.1314140625
50200,1.38107578125,0.15742187500000004,0.7112421874999999,0.13133593750000003
50300,1.3796171875,0.1571328125,0.712453125,0.13041406250000007
50400,1.3801515625,0.15760937500000002,0.7104687500000001,0.131921875
50500,1.38148046875,0.15793749999999998,0.709046875,0.13301562500000003
50600,1.3824726562500003,0.158109375,0.7083046875,0.1335859375
50700,1.3826531249999998,0.15872656250000003,0.7082656249999998,0.13300781250000002
50800,1.3848203125,0.1599921875,0.70828125,0.13172656250000003
50900,1.3881640625000005,0.16121093749999998,0.7051171874999997,0.13367187499999994
51000,1.3919882812499997,0.1619140625,0.703125,0.13496093750000002
51100,1.3921328125,0.162328125,0.7038359374999997,0.13383593749999997
51200,1.3915023437499998,0.16235937499999994,0.703828125,0.13381250000000003
51300,1.3923281250000004,0.16274218750000002,0.7031093749999999,0.1341484375
51400,1.3942414062500004,0.1635703125,0.7023359375000003,0.13409374999999998
51500,1.3965734375,0.16517187500000008,0.7001953125,0.1346328125
51600,1.3968843750000002,0.1654453125,0.7008124999999998,0.1337421875
51700,1.3979304687499998,0.16555468750000002,0.6995703125,0.13487499999999997
51800,1.4009343750000007,0.16668750000000002,0.6964062500000001,0.13690624999999998
51900,1.40288125,0.16790625,0.6960859374999997,0.13600781250000005
52000,1.4054609375,0.16815625,0.6929218750000001,0.138921875
52100,1.4061765625,0.16931250000000003,0.6950937500000002,0.13559375
52200,1.4050812500000003,0.17047656250000007,0.6988046875000001,0.13071875
52300,1.40327890625,0.16967187499999994,0.7005390625,0.12978906250000002
52400,1.4015875000000002,0.16794531249999997,0.7019062500000001,0.13014843750000002
52500,1.40167890625,0.1683828125,0.7001953125,0.13142187499999997
52600,1.40156953125,0.16870312499999995,0.700734375,0.1305625
52700,1.4045499999999997,0.16952343749999998,0.6973046874999999,0.133171875
52800,1.40877578125,0.1723203125,0.6944296875000001,0.13325
52900,1.4118953125000002,0.17368750000000002,0.6908203125000003,0.13549218749999994
53000,1.41334375,0.17314062500000005,0.6893515625000001,0.13750781249999997
53100,1.4168351562500001,0.17443749999999997,0.6859375000000003,0.139625
53200,1.4177921874999997,0.1744765625,0.68440625,0.1411171875
