step,mean_aspect_ratio,fraction_elongated,fraction_round,fraction_binary
100,1.0,0.0,1.0,0.0
200,2.2680679687500005,0.4788671875,0.045085937500000006,0.4760468749999999
300,2.4312281249999996,0.6968203125,0.0656640625,0.23751562499999992
400,2.4491164062500013,0.7404374999999999,0.0758984375,0.1836640625
500,2.446044531249999,0.7505859374999999,0.084125,0.1652890625
600,2.4366234375000007,0.7498437500000003,0.09233593749999999,0.1578203125000001
700,2.4270953125,0.7464609375000001,0.09970312499999999,0.15383593750000002
800,2.421993749999999,0.7447109375000003,0.10418749999999997,0.15110156250000004
900,2.4168367187500004,0.7412968749999999,0.10717968750000001,0.15152343749999997
1000,2.4166773437500004,0.742828125,0.10807031249999997,0.14910156249999998
1100,2.41526171875,0.7423281250000001,0.110765625,0.14690624999999996
1200,2.4090804687500005,0.7395156249999998,0.11566406249999997,0.1448203125
1300,2.4053343749999994,0.7370234374999999,0.11871093750000002,0.14426562499999998
1400,2.3987023437499997,0.7345859375,0.123140625,0.14227343750000002
1500,2.3936453125,0.7328281250000002,0.12736718750000003,0.13980468749999997
1600,2.3915757812500003,0.7317578124999999,0.12844531249999996,0.139796875
1700,2.3919046875,0.7328125,0.12961718749999998,0.1375703125
1800,2.3887640625,0.7307187500000001,0.13201562499999997,0.13726562499999997
1900,2.38504453125,0.7281249999999999,0.13339062499999998,0.13848437499999997
2000,2.3871671875000007,0.7295390625000001,0.1319140625,0.13854687499999999
2100,2.3863742187500003,0.7291640625000003,0.13363281249999998,0.137203125
2200,2.3869046875,0.7288046874999998,0.13207031250000004,0.13912500000000003
2300,2.3906312499999998,0.7310937499999999,0.1311328125,0.1377734375
2400,2.3940750000000004,0.7341875000000001,0.128890625,0.13692187500000003
2500,2.3926117187499996,0.7332421874999999,0.131015625,0.13574218749999997
2600,2.391668750000001,0.7329921874999996,0.1324921875,0.13451562499999997
2700,2.3944750000000004,0.7349218750000001,0.13141406250000004,0.13366406249999999
2800,2.3975742187500013,0.7367578124999998,0.1293515625,0.13389062499999999
2900,2.3999921875,0.7379218750000004,0.12731249999999997,0.134765625
3000,2.40402265625,0.7403671875000002,0.12654687499999995,0.13308593749999997
3100,2.40760546875,0.7429921874999998,0.12473437499999998,0.1322734375
3200,2.4099906249999994,0.745265625,0.12549999999999997,0.12923437499999998
3300,2.4123804687499995,0.7462421875000003,0.12342187500000001,0.1303359375
3400,2.4154859375000006,0.7477187500000002,0.12150000000000001,0.13078124999999996
3500,2.4201328125,0.7508437499999998,0.11895312500000003,0.130203125
3600,2.4233156250000003,0.7520312500000004,0.11703906250000003,0.13092968750000006
3700,2.42656875,0.7538203124999999,0.11628125,0.12989843750000002
3800,2.42793046875,0.7566953125000001,0.11689062499999997,0.1264140625
3900,2.4283234374999996,0.7558515625000002,0.11774999999999998,0.1263984375
4000,2.42335703125,0.7535625000000001,0.121625,0.1248125
4100,2.4208406250000003,0.752765625,0.1230703125,0.12416406249999996
4200,2.421965625,0.7530859375,0.12337499999999998,0.12353906250000002
4300,2.4199125,0.7518671874999996,0.1245390625,0.12359375000000002
4400,2.4184578124999994,0.750546875,0.12504687499999997,0.12440625
4500,2.4175664062500006,0.7502968750000001,0.12578125,0.12392187500000001
4600,2.41973984375,0.7511015624999998,0.12420312500000003,0.12469531250000003
4700,2.4226937500000005,0.751796875,0.12153124999999998,0.126671875
4800,2.42562109375,0.754359375,0.11992187500000004,0.12571875000000002
4900,2.4291320312499995,0.7568593749999999,0.11890625,0.12423437499999998
5000,2.432709375000001,0.758640625,0.11674218749999997,0.12461718749999998
5100,2.4327820312500004,0.7593281250000001,0.11726562499999996,0.12340625000000001
5200,2.43184765625,0.759109375,0.11868750000000003,0.12220312500000001
5300,2.431134374999999,0.7578203125000001,0.11914843749999997,0.12303125000000001
5400,2.4319335937500006,0.7582890625,0.11775,0.12396093750000003
5500,2.433058593749999,0.7576718750000001,0.11704687500000001,0.12528124999999996
5600,2.43424375,0.7582421874999999,0.11609374999999997,0.12566406250000006
5700,2.4344375,0.7579374999999999,0.11693749999999999,0.12512500000000001
5800,2.4342703125,0.7577265624999999,0.11663281249999997,0.125640625
5900,2.43512578125,0.7584374999999999,0.11664843750000001,0.12491406249999996
6000,2.43762421875,0.7595781250000002,0.115125,0.12529687499999997
6100,2.4399335937499997,0.7608906250000003,0.11387499999999999,0.125234375
6200,2.4407062500000003,0.7619609375000004,0.11410156249999996,0.1239375
6300,2.4416515625000006,0.761109375,0.11236718750000001,0.12652343749999997
6400,2.44269375,0.7619374999999998,0.11253124999999994,0.12553124999999998
6500,2.4443406249999997,0.7629453125,0.11126562500000002,0.12578906249999997
6600,2.4455718750000006,0.7635312500000001,0.10946093749999997,0.12700781249999998
6700,2.4468601562500005,0.7632500000000001,0.1084921875,0.12825781250000004
6800,2.4496367187500008,0.764859375,0.1072734375,0.1278671875
6900,2.4533351562499996,0.7681171874999997,0.1056640625,0.12621875
7000,2.4547210937500004,0.7699687500000003,0.10690625000000001,0.123125
7100,2.45595546875,0.7712812499999999,0.10633593750000009,0.12238281249999997
7200,2.4556992187500004,0.7705625,0.10630468749999998,0.12313281250000001
7300,2.45697109375,0.7723749999999999,0.10682812500000002,0.120796875
7400,2.45895,0.7733671874999998,0.1048046875,0.12182812500000002
7500,2.4608875,0.774625,0.10377343749999995,0.1216015625
7600,2.4630734375,0.7757421875000002,0.10228125000000002,0.12197656250000002
7700,2.4654226562500003,0.777140625,0.1004765625,0.12238281250000005
7800,2.4696460937500007,0.7788984374999997,0.09825781250000001,0.12284374999999993
7900,2.472037499999999,0.7798203124999998,0.09745312499999999,0.12272656250000001
8000,2.471421093749999,0.7795546875000001,0.09861718749999998,0.121828125
8100,2.471012500000001,0.7810625,0.09982031249999998,0.11911718749999997
8200,2.470329687499999,0.7806406250000003,0.099515625,0.11984375000000004
8300,2.4685875000000013,0.778046875,0.10029687499999997,0.12165625
8400,2.4674851562499995,0.7779218750000002,0.10143750000000001,0.12064062499999999
8500,2.466679687500001,0.77725,0.10109375,0.12165624999999997
8600,2.4684,0.7783828125,0.10081250000000001,0.12080468750000002
8700,2.4681492187500003,0.7768828124999999,0.10031249999999997,0.12280468749999998
8800,2.468903124999999,0.7782421875,0.09991406250000003,0.12184375000000001
8900,2.4714140625,0.7792812500000001,0.09819531249999998,0.1225234375
9000,2.4744218749999995,0.7812499999999999,0.09707812499999999,0.12167187500000001
9100,2.4751585937500007,0.7813515624999998,0.09709375000000002,0.12155468750000004
9200,2.4749273437500015,0.7808671875000001,0.09717968749999996,0.12195312500000004
9300,2.4718476562499996,0.7803671874999997,0.0999453125,0.1196875
9400,2.4688375000000007,0.7777734375000002,0.10100000000000002,0.12122656250000002
9500,2.4647648437500007,0.7754765624999994,0.10421093750000003,0.12031249999999998
9600,2.4638078125,0.7747109375000001,0.10450000000000001,0.12078906250000002
9700,2.45934375,0.7729687500000001,0.10742968749999998,0.11960156249999995
9800,2.456550000000001,0.7715234374999997,0.10948437499999998,0.11899218749999999
9900,2.45835859375,0.7729062499999999,0.107875,0.11921875000000001
10000,2.46242265625,0.7753749999999999,0.10510937499999998,0.11951562499999999
10100,2.4661867187499995,0.7776953125,0.10354687500000001,0.11875781250000003
10200,2.468246093749999,0.779765625,0.1019296875,0.1183046875
10300,2.473721093749999,0.7812812500000004,0.09830468749999999,0.12041406250000006
10400,2.4762132812499993,0.7833828125000001,0.097734375,0.11888281249999999
10500,2.4783546875000004,0.7843515625000002,0.09506250000000002,0.1205859375
10600,2.4786742187499997,0.7856718749999999,0.09524218750000003,0.11908593749999999
10700,2.47993984375,0.7865000000000001,0.0957734375,0.11772656250000003
10800,2.4815078124999994,0.7873125,0.0945859375,0.11810156250000002
10900,2.48389609375,0.7892578125,0.093984375,0.11675781250000003
11000,2.4843218749999987,0.7893671874999996,0.0940078125,0.11662499999999999
11100,2.4830062499999994,0.7879687500000001,0.09502343749999999,0.11700781250000002
11200,2.4824523437500003,0.7884843749999999,0.09517187500000002,0.11634375000000001
11300,2.4836835937499995,0.7891875,0.09477343749999999,0.11603906250000003
11400,2.4848140624999995,0.7901249999999999,0.09406250000000001,0.1158125
11500,2.486144531250001,0.7890859374999998,0.09225781250000001,0.11865625000000002
11600,2.48961953125,0.7904687500000002,0.09008593750000002,0.11944531249999996
11700,2.4901789062499997,0.7902187500000001,0.09021875000000001,0.11956250000000004
11800,2.488640625,0.7895000000000002,0.09129687500000001,0.11920312500000001
11900,2.4890820312499997,0.7901093750000006,0.09032031249999997,0.11957031249999998
12000,2.4920124999999995,0.7924921875000001,0.08946874999999999,0.11803906250000001
12100,2.4949937499999995,0.7945546875,0.08790625000000002,0.1175390625
12200,2.4942507812500003,0.7957656249999999,0.089140625,0.11509375000000004
12300,2.4939546874999996,0.7954296875,0.08917187500000001,0.11539843749999998
12400,2.4933570312500004,0.7958828125,0.089453125,0.11466406250000001
12500,2.4966820312499998,0.7977968749999995,0.08747656249999998,0.11472656250000005
12600,2.4987515625,0.8001640624999998,0.08645312499999998,0.11338281249999999
12700,2.50109375,0.8013984375000004,0.08535937499999997,0.11324218750000002
12800,2.501716406250001,0.8009218749999999,0.08480468749999998,0.11427343750000003
12900,2.50394296875,0.8032812499999998,0.08411718749999998,0.11260156250000003
13000,2.5050414062499993,0.8044843749999999,0.08364843749999996,0.11186718750000003
13100,2.50676796875,0.8043281250000002,0.08210156250000002,0.11357031249999998
13200,2.5074796875,0.8050703124999999,0.08225,0.11267968749999999
13300,2.5076914062499998,0.8050703124999998,0.08317968750000002,0.11175000000000006
13400,2.5082507812499997,0.8050546875000003,0.08224218750000004,0.112703125
13500,2.5089250000000005,0.8052421875,0.08178125,0.11297656249999996
13600,2.50853671875,0.8058593750000002,0.08294531249999998,0.11119531250000002
13700,2.5064484375,0.803828125,0.082828125,0.11334375
13800,2.5029484374999997,0.8015078125000002,0.08499218750000002,0.11350000000000006
13900,2.5014695312500006,0.7998671875000001,0.0860078125,0.114125
14000,2.501924218750001,0.7998750000000001,0.08540624999999999,0.11471874999999997
14100,2.5039054687499993,0.8007578125,0.08439843749999996,0.11484375
14200,2.5051281249999997,0.8017656250000003,0.084515625,0.11371874999999998
14300,2.504265624999999,0.8020390624999996,0.08501562500000001,0.11294531249999996
14400,2.5019429687500003,0.8012656249999999,0.08615624999999999,0.11257812500000004
14500,2.5006078125,0.7994921875,0.08708593750000003,0.11342187499999998
14600,2.4987500000000002,0.7981953124999996,0.08802343750000001,0.11378125
14700,2.500999218749999,0.7998749999999999,0.0855,0.11462500000000002
14800,2.5038421875000005,0.8015390625,0.08422656250000002,0.11423437499999997
14900,2.5043398437499986,0.8017265625000002,0.08428906249999998,0.11398437499999999
15000,2.50570234375,0.8025703125000002,0.08325,0.11417968749999996
15100,2.50626953125,0.8034453124999998,0.0833984375,0.11315624999999997
15200,2.50948203125,0.8055156250000002,0.08162499999999999,0.11285937499999997
15300,2.5112601562500005,0.8062734374999999,0.08053125000000001,0.1131953125
15400,2.5103562499999996,0.8066796875,0.08192968749999999,0.111390625
15500,2.510189843749999,0.8058984375000001,0.08164062500000002,0.11246093750000002
15600,2.5095078125000003,0.8059609374999999,0.08197656250000002,0.11206250000000001
15700,2.5117414062500005,0.8067968750000002,0.0806171875,0.11258593749999998
15800,2.51379609375,0.8082343750000003,0.0798984375,0.11186718749999999
15900,2.51666484375,0.8109218749999998,0.0779609375,0.1111171875
16000,2.5181398437500007,0.8109921875000003,0.07716406250000002,0.11184375000000002
16100,2.51999921875,0.8121015624999999,0.07610937500000003,0.11178906249999998
16200,2.5205281250000002,0.8128437499999999,0.07652343750000003,0.1106328125
16300,2.5209960937499996,0.8125234375000001,0.07617968749999998,0.111296875
16400,2.5196343750000003,0.8120624999999997,0.07739062499999998,0.11054687500000002
16500,2.520052343749999,0.8112421875000001,0.07709374999999995,0.11166406250000001
16600,2.5183789062499993,0.8092890624999998,0.07755468750000001,0.11315624999999999
16700,2.5172109375000007,0.8070546875,0.07786718750000002,0.11507812500000002
16800,2.5136812500000016,0.8053828125000003,0.08095312500000003,0.11366406249999998
16900,2.510959375,0.8039609375000003,0.08261718750000002,0.11342187500000002
17000,2.51065390625,0.8049609374999999,0.08242968750000003,0.11260937500000001
17100,2.5095578124999998,0.8044140625,0.08324218750000004,0.11234375000000002
17200,2.50814921875,0.802890625,0.08431249999999997,0.112796875
17300,2.506239062500001,0.8017890625,0.08510937499999996,0.11310156249999999
17400,2.5055109374999995,0.8012656250000001,0.085453125,0.11328124999999999
17500,2.5071234374999993,0.8016484374999998,0.08378906250000004,0.11456250000000003
17600,2.5081234375000006,0.8014765624999999,0.08326562500000002,0.1152578125
17700,2.5105890625,0.8025859375,0.08101562500000004,0.11639843750000002
17800,2.5137328125000007,0.8046718750000001,0.079875,0.11545312500000003
17900,2.516706249999999,0.8063671875000001,0.07850781250000001,0.115125
18000,2.5187898437499996,0.808140625,0.07706250000000005,0.11479687499999999
18100,2.52246171875,0.8103046875000001,0.07521093750000005,0.11448437499999999
18200,2.5249031249999985,0.8118828125,0.074015625,0.1141015625
18300,2.5264203124999995,0.8133203125000003,0.07403124999999999,0.11264843749999999
18400,2.5265343749999998,0.8129453124999999,0.07393750000000002,0.11311718749999998
18500,2.5249242187500003,0.8112265624999996,0.07382812500000004,0.11494531249999998
18600,2.5247734375,0.8111796875000001,0.074265625,0.11455468750000002
18700,2.523573437499999,0.8106796874999999,0.07435937500000002,0.11496093749999997
18800,2.524916406250001,0.8111875000000003,0.07382812500000002,0.11498437499999999
18900,2.5273875,0.8133750000000002,0.07239062500000003,0.11423437499999997
19000,2.5260656250000006,0.8128281250000002,0.0740234375,0.11314843750000003
19100,2.5263312499999993,0.8131562499999999,0.07399218750000001,0.11285156250000002
19200,2.524983593749999,0.8123671875000003,0.074890625,0.11274218749999998
19300,2.5232039062499996,0.8116015625,0.07545312500000001,0.11294531249999999
19400,2.5221046875,0.8104218749999998,0.07579687499999999,0.11378124999999996
19500,2.5231093749999993,0.8108906249999999,0.07526562500000002,0.11384375000000002
19600,2.5246671875,0.8121171874999997,0.0738828125,0.11399999999999998
19700,2.5280585937500017,0.8142968750000003,0.07166406250000001,0.11403906249999997
19800,2.5313500000000007,0.8170468750000002,0.0705546875,0.11239843749999999
19900,2.53374453125,0.8178046874999997,0.06870312500000003,0.11349218750000002
20000,2.5369468749999995,0.8189765625,0.06696874999999998,0.11405468750000002
20100,2.5383124999999995,0.8206093749999999,0.067078125,0.11231250000000001
20200,2.5377453125,0.8201328125000001,0.06684375000000001,0.1130234375
20300,2.535216406250001,0.818390625,0.06869531250000001,0.11291406250000001
20400,2.534544531250001,0.8187109374999999,0.06932031249999998,0.11196875000000003
20500,2.5343695312500003,0.8179453125,0.06958593750000001,0.11246875000000002
20600,2.5325531250000006,0.8166640625,0.06988281250000002,0.11345312499999999
20700,2.53114921875,0.8160546875000002,0.07130468749999999,0.11264062500000001
20800,2.5302234374999992,0.8154218750000001,0.07184375000000003,0.11273437500000001
20900,2.5286945312499998,0.8143984375000002,0.07240625,0.11319531249999996
21000,2.5288148437499998,0.8144921874999997,0.07233593749999999,0.113171875
21100,2.5275757812500004,0.8138515625,0.07271875000000001,0.1134296875
21200,2.5255273437499994,0.8119140625,0.07464843749999998,0.1134375
21300,2.5256492187499995,0.8121406250000003,0.07475781250000002,0.11310156250000002
21400,2.523919531249999,0.8113984375000001,0.0754140625,0.1131875
21500,2.5223640625000003,0.8097656250000002,0.07592187499999999,0.11431250000000004
21600,2.5221546875,0.8091796875,0.07557031250000001,0.11525
21700,2.5217578125,0.8088203124999999,0.076203125,0.11497656250000002
21800,2.51965703125,0.8086875000000001,0.07804687500000002,0.11326562500000002
21900,2.52029765625,0.8094609375000001,0.07787499999999996,0.1126640625
22000,2.5190898437500002,0.8082109375000002,0.07793749999999998,0.1138515625
22100,2.519812499999999,0.8090859375000002,0.07783593750000004,0.11307812499999999
22200,2.52101875,0.8092578124999996,0.07664843749999997,0.11409374999999998
22300,2.522657812499999,0.8103359375000001,0.07510156250000001,0.11456250000000001
22400,2.523734375,0.8107421874999996,0.074046875,0.11521093750000003
22500,2.5261835937499995,0.8116875,0.07283593750000003,0.11547656249999998
22600,2.5264453125,0.8116562499999999,0.07269531250000003,0.11564843750000002
22700,2.5261851562499995,0.8113593749999999,0.07321093749999999,0.11542968749999996
22800,2.5254914062500013,0.8115,0.07365624999999999,0.11484375000000005
22900,2.5264601562499993,0.8124140624999999,0.074328125,0.11325781249999999
23000,2.5249070312500006,0.8120859375,0.07496875000000001,0.11294531249999999
23100,2.5240390625000004,0.8111406250000001,0.0760078125,0.11285156250000003
23200,2.52354140625,0.8113281250000001,0.07605468750000002,0.11261718750000001
23300,2.5234546875,0.8114531249999999,0.07560937499999999,0.11293750000000002
23400,2.52384765625,0.811203125,0.07489062499999997,0.11390625
23500,2.525365625,0.8120859374999996,0.07496093750000003,0.11295312500000006
23600,2.5228632812500003,0.8111484375000002,0.07634375000000002,0.11250781250000001
23700,2.5225515624999995,0.8113125000000002,0.0766796875,0.11200781250000001
23800,2.52119453125,0.8106562499999999,0.07692187499999999,0.11242187499999999
23900,2.5220312500000004,0.8110859374999999,0.07623437500000001,0.11267968750000003
24000,2.52406875,0.8120937500000001,0.07421874999999999,0.11368750000000004
24100,2.527315625,0.8142656250000001,0.07246874999999997,0.11326562500000005
24200,2.5310265624999992,0.8163515624999998,0.07095312499999998,0.1126953125
24300,2.5330875000000006,0.8177578124999999,0.07048437499999997,0.1117578125
24400,2.5316054687500005,0.8169062500000003,0.07173437499999998,0.111359375
24500,2.531623437500001,0.81628125,0.07113281250000003,0.11258593750000002
24600,2.5301242187499997,0.8159687500000001,0.07232812500000001,0.11170312500000004
24700,2.5284312500000015,0.8149218750000001,0.0735859375,0.11149218749999998
24800,2.5252882812500004,0.8129296875000002,0.07540625000000004,0.1116640625
24900,2.5240875,0.8117343749999999,0.07532031250000001,0.11294531250000005
25000,2.5218171875,0.8103984374999996,0.07669531249999999,0.11290625000000001
25100,2.520424999999998,0.8106328124999999,0.07732812500000001,0.11203906249999997
25200,2.5195554687499997,0.8103593750000001,0.07842968749999998,0.1112109375
25300,2.5171523437499994,0.8090546875000001,0.07937500000000001,0.11157031249999999
25400,2.5148210937499993,0.8075234375000002,0.08065625000000003,0.11182031249999996
25500,2.5152195312499996,0.8074687500000002,0.08089062499999998,0.111640625
25600,2.5166046874999983,0.807921875,0.07982031250000002,0.11225781249999998
25700,2.5158859375000007,0.8079062500000003,0.07953124999999998,0.11256249999999998
25800,2.5172367187499995,0.8083281250000001,0.07940625000000001,0.11226562500000005
25900,2.5185015624999996,0.809390625,0.07857812499999998,0.11203125000000005
26000,2.5199468749999996,0.8104062499999999,0.07735937500000004,0.11223437499999996
26100,2.5211132812500003,0.8112265624999999,0.07610937500000003,0.11266406250000005
26200,2.5250664062499992,0.81259375,0.07403906249999999,0.11336718749999997
26300,2.5262820312499996,0.8139531250000002,0.073265625,0.11278124999999996
26400,2.5274648437500007,0.8148046875000001,0.07290625,0.11228906249999998
26500,2.5275367187500004,0.8145703125,0.07270312500000001,0.1127265625
26600,2.5275085937500004,0.8150624999999998,0.0733984375,0.11153906250000001
26700,2.5254773437500004,0.8133671874999999,0.07484375000000001,0.11178906250000004
26800,2.5239992187499998,0.8118984374999998,0.07538281250000001,0.11271875000000002
26900,2.5251632812500002,0.8121093749999998,0.07512500000000003,0.11276562499999997
27000,2.5268398437500004,0.8129843749999999,0.07428906250000002,0.1127265625
27100,2.52584921875,0.8122812499999998,0.07446875,0.11325
27200,2.52511328125,0.8116953124999996,0.0748671875,0.11343750000000004
27300,2.5235796875000007,0.8100312500000002,0.07492187500000001,0.115046875
27400,2.52249375,0.8088437499999998,0.0748515625,0.11630468750000002
27500,2.5226851562499997,0.8087265624999999,0.07535937500000002,0.11591406250000001
27600,2.5189531250000003,0.8076093750000001,0.077578125,0.11481250000000005
27700,2.5159531250000007,0.8070781249999998,0.0808125,0.11210937500000002
27800,2.51579921875,0.8062499999999997,0.0803828125,0.11336718750000005
27900,2.51592265625,0.8064453125000002,0.07991406250000002,0.11364062499999998
28000,2.5181046875,0.8087812500000001,0.07900781249999998,0.11221093750000004
28100,2.519146875000001,0.809921875,0.07846875,0.11160937500000001
28200,2.5191624999999997,0.8088046874999998,0.0777578125,0.11343750000000001
28300,2.519468750000001,0.8089140625000002,0.07681249999999998,0.11427343749999999
28400,2.522297656250001,0.8108125000000003,0.07521875000000003,0.11396875000000001
28500,2.5239148437499996,0.8117578125000001,0.0742265625,0.11401562500000004
28600,2.525028124999999,0.8132499999999996,0.0746171875,0.11213281249999998
28700,2.5255906249999995,0.8139062500000002,0.07398437500000002,0.11210937499999996
28800,2.5281867187500007,0.8153125000000001,0.07242968750000002,0.11225781249999997
28900,2.530011718749999,0.8157578124999998,0.071671875,0.11257031250000003
29000,2.5300828125,0.815765625,0.07117187499999998,0.11306250000000001
29100,2.5313921875000003,0.8161171875,0.06988281249999999,0.11399999999999996
29200,2.5355703125,0.8182578124999998,0.06782812499999999,0.11391406250000002
29300,2.5363125000000006,0.8185000000000001,0.06753124999999999,0.11396874999999998
29400,2.5352382812500003,0.8182890624999999,0.06877343750000002,0.11293750000000002
29500,2.53320078125,0.8174140624999999,0.0700859375,0.11249999999999999
29600,2.5320070312499996,0.8166484374999997,0.0714921875,0.111859375
29700,2.529178125,0.8155781249999997,0.0730703125,0.11135156250000003
29800,2.5264359375000005,0.8143671875000003,0.0746015625,0.11103125
29900,2.52808515625,0.8144921875000001,0.07296093750000003,0.112546875
30000,2.5295257812500007,0.815484375,0.07165625,0.112859375
30100,2.53158984375,0.8170781250000001,0.07083593749999999,0.11208593750000004
30200,2.5335445312499996,0.8178124999999999,0.0695546875,0.1126328125
30300,2.5352320312500005,0.8193046875,0.0689453125,0.11175000000000002
30400,2.5365125000000006,0.8203046875000001,0.06878906250000001,0.11090624999999998
30500,2.5363414062499987,0.8205703125000002,0.0689609375,0.11046875
30600,2.534887499999999,0.8200468750000001,0.06991406250000007,0.11003906250000005
30700,2.535175,0.8195624999999997,0.0696171875,0.11082031250000002
30800,2.53407890625,0.8192968749999999,0.07004687499999998,0.11065624999999998
30900,2.53393203125,0.8192578125000001,0.06997656249999998,0.11076562499999999
31000,2.53190859375,0.8180468750000001,0.07106249999999996,0.11089062499999999
31100,2.53225078125,0.81834375,0.07123437500000002,0.11042187500000003
31200,2.5327054687499992,0.8187578125000001,0.07089843750000004,0.11034375
31300,2.533264843750001,0.8185937499999998,0.07072656249999999,0.1106796875
31400,2.5310835937500005,0.8165156249999997,0.07173437499999998,0.11174999999999999
31500,2.52863828125,0.8155937500000001,0.07357031250000003,0.11083593750000004
31600,2.5273601562499994,0.8142031249999998,0.07392187500000004,0.11187499999999996
31700,2.5265328124999997,0.8129921875000002,0.07410937499999998,0.11289843750000005
31800,2.5280296875,0.8130703125000004,0.07275781249999999,0.114171875
31900,2.5274124999999996,0.81278125,0.07362500000000002,0.11359374999999998
32000,2.5254359374999993,0.8123359375,0.07487500000000001,0.11278906250000001
32100,2.5246828125,0.8114843750000001,0.07510937499999998,0.11340625000000004
32200,2.525068749999999,0.8116874999999998,0.07513281249999999,0.1131796875
32300,2.5250859375,0.8120859375000001,0.07523437499999999,0.11267968749999997
32400,2.5259742187500005,0.8128750000000002,0.07468749999999999,0.11243749999999998
32500,2.5275999999999996,0.814265625,0.07377343750000001,0.11196093750000002
32600,2.528032031249998,0.81484375,0.07398437499999998,0.111171875
32700,2.52865625,0.8144843750000001,0.07335937500000002,0.11215624999999997
32800,2.52907265625,0.8147421875000004,0.07314843750000001,0.11210937500000001
32900,2.5285929687500004,0.8148125000000002,0.07340625,0.11178124999999998
33000,2.52773671875,0.8143203124999998,0.07361718749999999,0.1120625
33100,2.5280734375000007,0.8148281250000005,0.07264062499999999,0.11253125
33200,2.5295289062500013,0.8158671875,0.07229687500000001,0.11183593750000001
33300,2.530032812499999,0.8162343750000004,0.071890625,0.11187499999999996
33400,2.52996953125,0.8161640624999997,0.072375,0.11146093749999997
33500,2.5293078125,0.8158046874999998,0.07300781249999998,0.11118749999999998
33600,2.526649218750001,0.8143671875000003,0.07482812499999998,0.11080468749999997
33700,2.523228125,0.8121484375,0.07584374999999999,0.1120078125
33800,2.5214851562499994,0.810328125,0.07690624999999997,0.11276562500000002
33900,2.5212523437499996,0.8110234375000003,0.07721874999999999,0.11175781249999996
34000,2.5220468750000005,0.8120546875000001,0.07715625000000004,0.11078906249999998
34100,2.5243414062500005,0.81346875,0.07596874999999997,0.11056250000000001
34200,2.52615234375,0.8153906250000001,0.07547656250000001,0.10913281250000001
34300,2.5282429687500008,0.8166093750000004,0.07403124999999998,0.10935937500000001
34400,2.5296765625,0.8170234375000004,0.07314843749999998,0.109828125
34500,2.5299390625,0.8171015624999998,0.07337500000000002,0.10952343749999997
34600,2.5297796875,0.8168125,0.07283593749999999,0.11035156250000001
34700,2.5299531249999996,0.8162968749999999,0.07310156250000004,0.11060156250000006
34800,2.529040625,0.8155156249999997,0.07384375,0.11064062499999999
34900,2.5260585937499997,0.8136406249999999,0.07528124999999998,0.11107812499999997
35000,2.5238429687499995,0.8129609374999996,0.07660156250000001,0.11043749999999998
35100,2.522304687500001,0.8120078124999996,0.077421875,0.1105703125
35200,2.5224515625000006,0.8124687499999999,0.07673437500000002,0.11079687500000002
35300,2.5237609375,0.8124296874999998,0.07596093750000003,0.11160937500000004
35400,2.5261992187500013,0.81371875,0.0754453125,0.11083593750000001
35500,2.5260671875000003,0.8131953124999995,0.0748125,0.11199218750000002
35600,2.5258054687500007,0.8127578125,0.07431250000000002,0.11292968749999997
35700,2.525726562499999,0.8124375,0.07403906250000002,0.1135234375
35800,2.5278781249999986,0.8145546874999996,0.073640625,0.11180468750000003
35900,2.52978359375,0.8150781249999998,0.07247656250000004,0.11244531249999999
36000,2.53026484375,0.8155546874999998,0.07275781249999998,0.11168749999999998
36100,2.52924609375,0.8151953124999998,0.073109375,0.11169531249999998
36200,2.53063671875,0.8157031250000001,0.07200000000000002,0.112296875
36300,2.5284328125,0.8144218750000001,0.073234375,0.11234374999999998
36400,2.52900546875,0.8150781250000003,0.0733046875,0.11161718749999999
36500,2.5286460937499995,0.8143906249999998,0.0734453125,0.11216406250000004
36600,2.5275609375,0.81475,0.0743515625,0.11089843750000004
36700,2.52845546875,0.8156328125,0.0739375,0.11042968749999997
36800,2.5279109374999997,0.8155390625000002,0.07406249999999998,0.11039843749999997
36900,2.52898671875,0.8158593749999999,0.0723671875,0.11177343749999999
37000,2.5304054687499997,0.81709375,0.07245312500000003,0.11045312500000001
37100,2.5315999999999996,0.8183046874999996,0.07246093749999998,0.10923437500000002
37200,2.5313523437500005,0.8170546875000001,0.07131250000000003,0.11163281250000001
37300,2.531346093749999,0.816828125,0.07135937499999999,0.1118125
37400,2.5318343749999994,0.8173281250000001,0.07061718749999998,0.11205468749999999
37500,2.532325781250001,0.8174062499999998,0.0699765625,0.11261718750000002
37600,2.5325968749999994,0.8176796875,0.07115625,0.11116406250000005
37700,2.5304523437499995,0.8165546874999998,0.07232812500000001,0.11111718750000002
37800,2.52943359375,0.815125,0.07210156249999994,0.11277343749999999
37900,2.528611718750001,0.8147968750000003,0.07284374999999996,0.112359375
38000,2.529257812499999,0.8156484375,0.07335156249999994,0.111
38100,2.5283421874999994,0.8153749999999997,0.07363281249999998,0.11099218749999999
38200,2.5263054687500004,0.8140078125,0.0751875,0.1108046875
38300,2.5265796874999995,0.8140000000000001,0.07482812500000002,0.111171875
38400,2.5280710937500004,0.8150078125,0.07307812500000001,0.1119140625
38500,2.53060390625,0.8166250000000002,0.07187499999999998,0.11150000000000002
38600,2.5326812500000004,0.817703125,0.07111718750000003,0.11117968749999996
38700,2.5343273437500016,0.8198906249999999,0.07050000000000001,0.10960937500000001
38800,2.5345125000000004,0.818828125,0.0699375,0.111234375
38900,2.533849218749999,0.8179531250000003,0.06975781250000002,0.11228906249999998
39000,2.534939843749999,0.8187421875000002,0.06856249999999998,0.11269531250000002
39100,2.5359515624999998,0.8197031249999998,0.06851562500000001,0.11178124999999996
39200,2.53682265625,0.8203124999999999,0.06838281249999997,0.11130468750000001
39300,2.539696875,0.8228515625000001,0.067421875,0.10972656249999997
39400,2.5397460937500003,0.8225703125,0.066953125,0.11047656249999996
39500,2.5382445312499993,0.8215312500000003,0.06860156250000003,0.10986718749999996
39600,2.5364546875,0.8211015625,0.07014062499999997,0.1087578125
39700,2.53376171875,0.81884375,0.07121875000000001,0.10993750000000004
39800,2.5331390624999996,0.8185390625000001,0.0715234375,0.10993750000000004
39900,2.532925,0.8177109375000001,0.0713671875,0.11092187500000004
40000,2.5328976562500003,0.8172890625000001,0.07103125,0.11167968749999999
40100,2.5301601562500005,0.8159140624999998,0.07277343749999998,0.11131250000000001
40200,2.52927734375,0.8154062500000004,0.07371093749999998,0.1108828125
40300,2.52846328125,0.8139296875000002,0.07425000000000001,0.1118203125
40400,2.527889062499999,0.8144374999999999,0.0741796875,0.11138281249999997
40500,2.5279937500000003,0.8139843749999996,0.073609375,0.11240625000000001
40600,2.5310148437499995,0.8162421875,0.07197656250000001,0.11178124999999996
40700,2.533767187500001,0.8184765624999999,0.07091406249999997,0.11060937500000007
40800,2.5318843749999993,0.8174765624999998,0.07200781250000003,0.11051562500000002
40900,2.52859609375,0.8160312499999999,0.07432031249999997,0.10964843750000003
41000,2.5270632812499993,0.8147499999999998,0.07526562499999996,0.10998437499999997
41100,2.5259062500000007,0.8137031249999999,0.07544531249999996,0.11085156249999996
41200,2.5257937500000005,0.8142187499999999,0.07604687500000003,0.10973437499999998
41300,2.524769531249999,0.81328125,0.0757578125,0.11096093749999997
41400,2.5252640624999994,0.8129531250000002,0.075203125,0.11184374999999999
41500,2.5251257812499994,0.8130000000000001,0.07546093749999999,0.11153906250000002
41600,2.5257453125000002,0.8133906249999998,0.07500781249999998,0.11160156249999999
41700,2.5263765625,0.8138515624999999,0.07492968750000002,0.11121874999999999
41800,2.5260992187499998,0.8149609374999999,0.07550781250000003,0.10953125
41900,2.5289656250000005,0.8161718750000002,0.0734375,0.11039062499999996
42000,2.5311898437499996,0.818171875,0.07180468750000002,0.11002343749999996
42100,2.5349593750000006,0.8201640624999992,0.06979687499999998,0.11003906249999997
42200,2.5385109375000003,0.82221875,0.06813281250000001,0.1096484375
42300,2.54192734375,0.824703125,0.06581249999999998,0.10948437500000002
42400,2.5434226562500006,0.8249375,0.064796875,0.11026562500000002
42500,2.5434625000000004,0.8256796875000001,0.06546875,0.10885156249999998
42600,2.544113281249999,0.82596875,0.064578125,0.10945312500000001
42700,2.5458742187500003,0.8271328125000001,0.06409374999999999,0.10877343750000003
42800,2.54678359375,0.8279843749999998,0.06430468750000001,0.10771093749999996
42900,2.54745234375,0.8287968749999998,0.064,0.10720312500000002
43000,2.5465335937499995,0.8280624999999998,0.064625,0.10731250000000002
43100,2.545717968749999,0.8277500000000001,0.06582031249999998,0.10642968749999998
43200,2.5470296875000003,0.8278437500000001,0.064265625,0.107890625
43300,2.5483984375,0.8287734375000001,0.0629765625,0.10824999999999999
43400,2.5502328125,0.8305625000000002,0.06247656250000002,0.10696093750000002
43500,2.5532304687499994,0.8323749999999999,0.06078906250000001,0.10683593749999999
43600,2.55364609375,0.8320859375,0.0596640625,0.10824999999999999
43700,2.553657812500001,0.8316562499999999,0.059835937500000005,0.10850781250000004
43800,2.5535828124999993,0.8313046875,0.060562500000000005,0.1081328125
43900,2.55299921875,0.8315546874999998,0.061625,0.10682031250000001
44000,2.5516671875,0.8309453125,0.06244531249999999,0.10660937500000003
44100,2.5501179687499995,0.8308984375000003,0.0631796875,0.10592187500000001
44200,2.5489164062500005,0.8302421874999999,0.064203125,0.10555468750000004
44300,2.5466031250000007,0.8291484375000001,0.06511718749999999,0.10573437500000005
44400,2.54391875,0.8261015625,0.0663984375,0.10750000000000004
44500,2.54116640625,0.8234374999999998,0.06752343749999999,0.10903906249999996
44600,2.53897421875,0.82296875,0.0684921875,0.10853906249999998
44700,2.5400953125,0.8227890625000002,0.06746093749999998,0.10975
44800,2.5398,0.8231640624999998,0.06778906250000002,0.10904687500000002
44900,2.5428140625000006,0.8241874999999999,0.06510156250000003,0.11071093750000001
45000,2.545903125,0.8265234374999998,0.06368749999999998,0.10978906250000003
45100,2.5490562500000005,0.8287421875000001,0.0630859375,0.108171875
45200,2.5502093749999997,0.8304140625000002,0.06251562499999999,0.10707031250000004
45300,2.55231875,0.8314687500000003,0.061046875000000014,0.107484375
45400,2.5542656249999998,0.8331328124999998,0.06023437500000003,0.10663281249999994
45500,2.5549343749999998,0.83328125,0.06001562500000001,0.10670312500000004
45600,2.5546085937500003,0.8333125,0.060539062500000004,0.10614843749999998
45700,2.55451015625,0.8335624999999999,0.060687500000000005,0.10574999999999998
45800,2.55275625,0.8324296874999997,0.062031249999999996,0.10553906250000004
45900,2.5512593750000003,0.8322734375000002,0.06303125000000001,0.10469531250000001
46000,2.5490421875,0.8305781250000002,0.06388281250000001,0.10553906250000006
46100,2.5463593749999998,0.8291953125000003,0.06561718750000002,0.10518750000000003
46200,2.54569609375,0.8278437500000001,0.06486718749999999,0.10728906249999996
46300,2.54560390625,0.8277578125,0.06531249999999998,0.10692968749999995
46400,2.545019531250001,0.8274374999999998,0.06550000000000002,0.10706249999999999
46500,2.5439468749999996,0.8261250000000001,0.06582812500000002,0.10804687499999997
46600,2.5429046874999996,0.8248984374999999,0.06626562500000001,0.10883593750000001
46700,2.541459374999999,0.8246875000000002,0.06732812500000002,0.10798437500000001
46800,2.5414171875,0.8245468750000002,0.06752343750000002,0.1079296875
46900,2.5409703125000007,0.8237421874999998,0.06671875,0.10953906249999996
47000,2.541211718750001,0.8242421875000002,0.0671796875,0.108578125
47100,2.5389312500000005,0.82296875,0.06809375,0.10893750000000002
47200,2.538821875000001,0.8229921875000001,0.06853125000000003,0.10847656250000003
47300,2.539582812499999,0.8234765625000001,0.068296875,0.10822656250000003
47400,2.539942968749999,0.8238281250000001,0.0678828125,0.10828906250000006
47500,2.54073671875,0.8232109375,0.0669921875,0.10979687500000002
47600,2.5424703125000003,0.8250234375000003,0.06692187499999999,0.10805468750000001
47700,2.5423562500000005,0.8251953125000002,0.06671875,0.10808593749999998
47800,2.5441460937500007,0.8259375000000001,0.06543749999999998,0.108625
47900,2.545346875,0.8264218749999999,0.064625,0.108953125
48000,2.5495085937499997,0.8292265625000003,0.062265624999999984,0.10850781250000001
48100,2.551375000000001,0.8309140625000002,0.06142968749999999,0.10765625000000001
48200,2.55459765625,0.83265625,0.059640625,0.10770312500000002
48300,2.554671093749999,0.8326484375000002,0.060007812499999987,0.10734375000000002
48400,2.5540664062500005,0.8320937499999999,0.06007031250000002,0.10783593750000002
48500,2.5521765624999997,0.8312656249999999,0.06162499999999999,0.107109375
48600,2.5501890625000008,0.8303593749999996,0.063171875,0.10646874999999999
48700,2.5474812499999997,0.8286328125000002,0.06521875000000002,0.10614843750000004
48800,2.5440976562500004,0.8272343749999999,0.06697656249999999,0.10578906249999998
48900,2.5422664062499996,0.8254687500000002,0.06782812499999998,0.10670312500000004
49000,2.539860937500002,0.8238749999999998,0.06896093750000001,0.1071640625
49100,2.537456250000001,0.8222265625,0.07082031250000002,0.10695312500000002
49200,2.5364390624999995,0.8215390625,0.07083593750000003,0.10762500000000001
49300,2.5372218749999997,0.8213828124999998,0.07035937499999999,0.10825781249999995
49400,2.5379390624999996,0.8208593750000001,0.06927343750000002,0.10986718750000003
49500,2.5357546874999994,0.8189375000000001,0.07053906250000001,0.11052343750000004
49600,2.53572890625,0.8182109375000003,0.07049218749999998,0.11129687499999999
49700,2.5366390625000013,0.8192343749999998,0.070078125,0.11068750000000002
49800,2.536520312500001,0.8192109375000003,0.07024999999999999,0.11053906250000001
49900,2.5356593750000003,0.81796875,0.07089062500000001,0.11114062500000002
50000,2.5341054687500004,0.8176406249999999,0.0714296875,0.11092968750000005
50100,2.5341718749999993,0.8173046874999998,0.0714140625,0.11128125000000004
50200,2.533271875000001,0.8167656249999998,0.07184375000000001,0.11139062499999995
50300,2.53296015625,0.8159218749999997,0.07181249999999999,0.11226562500000001
50400,2.533656250000001,0.8169531249999994,0.07147656250000002,0.11157031249999998
50500,2.53455,0.8177421874999997,0.07053125000000003,0.11172656249999999
50600,2.5348265625,0.8178593749999999,0.0697890625,0.11235156249999999
50700,2.5353562500000004,0.8175546875,0.06928906250000003,0.11315625000000003
50800,2.53523984375,0.8182578125,0.06974218750000001,0.11199999999999997
50900,2.5359140625,0.8186328124999999,0.06940625,0.11196093749999998
51000,2.5365171875000003,0.8196250000000003,0.06911718750000001,0.11125781250000003
51100,2.5388835937499996,0.8215625,0.06830468750000002,0.11013281250000001
51200,2.542465625,0.8246249999999998,0.06601562500000001,0.10935937500000001
51300,2.54429140625,0.8262890625,0.065359375,0.10835156250000001
51400,2.5458734374999996,0.8274062500000001,0.063703125,0.108890625
51500,2.549128124999999,0.8292031249999999,0.06228125000000002,0.10851562500000006
51600,2.550889062499999,0.830328125,0.061515625,0.10815625000000004
51700,2.5513765625000007,0.8300781249999999,0.060453125,0.10946875000000005
51800,2.5519937499999994,0.8301796875000002,0.06081250000000002,0.10900781250000001
51900,2.5496828125000004,0.8288906250000003,0.06283593750000002,0.10827343749999997
52000,2.548040625,0.8280390624999998,0.06334375,0.10861718750000002
52100,2.5490710937499994,0.8283750000000003,0.062109374999999994,0.109515625
52200,2.55008984375,0.8297109375,0.061875000000000006,0.10841406249999998
52300,2.5501507812499997,0.82965625,0.0625078125,0.10783593749999998
52400,2.550414062499999,0.8294687500000003,0.06199999999999999,0.10853125000000002
52500,2.5487101562500003,0.8283984375000001,0.06278125000000001,0.10882031249999999
