step,mean_aspect_ratio,fraction_elongated,fraction_round,fraction_binary
100,1.0,0.0,1.0,0.0
200,1.1539007812500002,0.010992187499999997,0.6235390625,0.36546874999999995
300,1.1713859375,0.022375,0.6169531250000002,0.36067187500000003
400,1.1862921875000003,0.032187499999999994,0.6170234374999998,0.35078906249999997
500,1.20147890625,0.04252343750000001,0.6258281249999998,0.33164843750000006
600,1.21624765625,0.05259375000000003,0.6395859374999999,0.30782031250000014
700,1.2352585937500002,0.063875,0.647578125,0.28854687499999987
800,1.2532804687500008,0.07416406249999999,0.6535234375,0.27231250000000007
900,1.2704468750000002,0.08463281249999999,0.6591328125000001,0.25623437499999996
1000,1.2889898437500003,0.09607031249999998,0.6653749999999997,0.23855468750000014
1100,1.30881796875,0.10715624999999997,0.6674765625000002,0.22536718750000004
1200,1.3264148437500003,0.11695312499999999,0.6679140624999998,0.21513281250000016
1300,1.34555546875,0.12723437499999998,0.6640703125,0.2086953125
1400,1.36063671875,0.13633593749999992,0.6661562500000003,0.19750781250000005
1500,1.3754125000000004,0.14506250000000007,0.6637578124999999,0.19117968750000003
1600,1.39154140625,0.15302343749999994,0.6593984375000003,0.1875781250000001
1700,1.4034445312500003,0.1608828125,0.6571953125000001,0.181921875
1800,1.41484921875,0.166859375,0.6540468750000001,0.17909375
1900,1.425871875,0.17269531250000003,0.6487656249999997,0.17853906250000004
2000,1.4364742187500004,0.17957031250000002,0.6458515625000003,0.17457812500000006
2100,1.4495078125,0.18657812499999998,0.6413203125000001,0.1721015625
2200,1.4624015625000002,0.19248437499999999,0.6336171874999997,0.1738984375
2300,1.4758664062500004,0.1985,0.6263828124999999,0.1751171875
2400,1.48896484375,0.20557812500000006,0.6188437499999999,0.175578125
2500,1.499984375,0.21085156250000003,0.6124531249999999,0.17669531249999998
2600,1.5106257812500001,0.21656250000000002,0.6076953124999998,0.17574218750000004
2700,1.5197984375000002,0.2213046875,0.6039062500000001,0.1747890625
2800,1.5288140625000002,0.22468749999999996,0.5997890624999997,0.17552343749999996
2900,1.5382296875000003,0.23025781249999996,0.5956328124999998,0.17410937499999998
3000,1.5490375,0.234890625,0.5890390624999997,0.17607031250000005
3100,1.5574453124999994,0.2397890624999999,0.5848437500000001,0.17536718750000002
3200,1.5660578125,0.24485937500000002,0.58025,0.17489062499999994
3300,1.5749476562499996,0.2495703125000001,0.5739921874999999,0.1764375
3400,1.5860117187500005,0.25423437500000007,0.5677890624999999,0.1779765625
3500,1.5939515624999994,0.2574609375,0.5623984375000001,0.18014062499999997
3600,1.6019703125000002,0.26209375000000007,0.5578046875000001,0.18010156249999998
3700,1.6081218750000001,0.2642578125,0.5543828125000001,0.181359375
3800,1.612575,0.2675156249999999,0.5546562500000001,0.17782812499999995
3900,1.6196148437500004,0.2706015624999999,0.5507109375000001,0.17868749999999994
4000,1.6251562499999999,0.274296875,0.5469296875,0.1787734375
4100,1.6323656249999998,0.2767890624999999,0.5434843749999997,0.17972656250000008
4200,1.6367476562500003,0.2797578124999999,0.5448359375,0.17540624999999999
4300,1.6427507812500002,0.28403906249999994,0.5402187500000002,0.1757421875
4400,1.6480648437500003,0.2861875000000001,0.537234375,0.17657812499999995
4500,1.6537984374999999,0.28760156249999996,0.53240625,0.17999218749999993
4600,1.65776171875,0.29042187499999994,0.5331093749999999,0.17646875
4700,1.661240625,0.29157812499999997,0.5305625,0.177859375
4800,1.6669414062499994,0.29490625000000004,0.5281953125,0.17689843749999998
4900,1.6673007812499998,0.29595312500000004,0.5289453125,0.17510156249999997
5000,1.669990625,0.29649999999999993,0.5290156250000002,0.17448437500000005
5100,1.6729125,0.29741406249999996,0.5272890624999998,0.175296875
5200,1.6710273437499998,0.29736718749999996,0.5278046875,0.174828125
5300,1.6714281250000003,0.2975781250000001,0.5283125000000001,0.17410937500000004
5400,1.6703984375000005,0.296640625,0.5277812500000001,0.175578125
5500,1.6710499999999997,0.29645312500000004,0.5262656249999998,0.17728125000000003
5600,1.6742664062500003,0.29835937500000004,0.522921875,0.17871875000000007
5700,1.6762875,0.29896874999999995,0.5214765625000001,0.17955468749999998
5800,1.67821796875,0.2992109375000001,0.5204687499999999,0.18032031249999994
5900,1.6795382812499997,0.3015078125,0.5218281249999998,0.1766640625
6000,1.6826640625000002,0.3025,0.5195,0.178
6100,1.6859914062500005,0.3039609374999999,0.5169453125000001,0.17909374999999988
6200,1.6868421875,0.30458593749999996,0.516984375,0.1784296875
6300,1.6874367187500001,0.30525781250000006,0.5159374999999998,0.17880468750000003
6400,1.6888406249999997,0.30525781250000006,0.5150625,0.1796796875
6500,1.6891539062499994,0.3062265625000001,0.5154765625,0.17829687500000005
6600,1.690059375,0.3054843749999999,0.5141718750000002,0.1803437500000001
6700,1.6900812499999998,0.3059921875,0.514828125,0.17917968750000002
6800,1.6891343750000005,0.3061640624999999,0.5153750000000001,0.17846093750000003
6900,1.6876101562499999,0.3061249999999999,0.5170859374999999,0.17678906249999998
7000,1.6908414062499997,0.30769531250000004,0.5146406250000001,0.1776640625
7100,1.6897164062500003,0.3071562499999999,0.5159296875,0.1769140625
7200,1.6891820312499999,0.30703906250000007,0.5162890625,0.17667187499999998
7300,1.6905171875000005,0.309015625,0.5165156249999998,0.17446874999999998
7400,1.6936023437500007,0.31007031249999994,0.515359375,0.17457031250000005
7500,1.6978812499999998,0.3113906250000001,0.5115546875,0.1770546875
7600,1.7009742187500003,0.31171874999999993,0.50984375,0.17843749999999997
7700,1.7015109375,0.31207031249999995,0.5088281250000001,0.17910156249999998
7800,1.7002578124999999,0.3112890625000001,0.5085234375000001,0.1801875
7900,1.70386875,0.31319531250000004,0.5053437500000001,0.18146093749999997
8000,1.7064601562500001,0.3140078125,0.5021718749999999,0.18382031250000005
8100,1.70938125,0.3146171875,0.5000859375000001,0.18529687499999997
8200,1.71125234375,0.31504687500000006,0.4987343750000001,0.18621875000000004
8300,1.7160414062499998,0.31862500000000005,0.49803125000000015,0.18334375
8400,1.7198914062500004,0.32138281250000006,0.4971562500000001,0.18146093750000006
8500,1.7228773437499998,0.32343750000000004,0.4964062499999999,0.18015625
8600,1.7262187500000001,0.32374218749999994,0.49257812500000003,0.18367968750000002
8700,1.72621875,0.32386718749999993,0.4940312500000002,0.18210156250000004
8800,1.7298351562499996,0.32582812499999997,0.4920078125,0.1821640625000001
8900,1.7288445312499998,0.32507031250000007,0.4927031250000002,0.18222656249999994
9000,1.72959296875,0.3258984375000001,0.49206249999999996,0.1820390624999999
9100,1.7306046874999996,0.32666406249999996,0.4916015625000001,0.181734375
9200,1.7312132812499998,0.3259218750000001,0.4935078125000001,0.1805703125
9300,1.7312406249999999,0.32709375000000007,0.4940546875000001,0.17885156250000003
9400,1.73115546875,0.32790625,0.49410156250000015,0.1779921875
9500,1.7293968750000002,0.32635937499999995,0.4940312499999999,0.17960937500000002
9600,1.7247796874999997,0.32555468750000005,0.49933593749999994,0.17510937500000004
9700,1.7221507812499999,0.3244765625,0.5010703125000001,0.17445312499999993
9800,1.72125234375,0.3240000000000001,0.5020078124999998,0.17399218750000006
9900,1.72049609375,0.3242421875,0.503265625,0.17249218749999998
10000,1.7164406249999997,0.32240625,0.5059062500000001,0.17168750000000005
10100,1.7157476562500003,0.32199999999999995,0.5056484375,0.1723515625
10200,1.7131257812500005,0.3203203125,0.5071171875,0.17256249999999998
10300,1.7136562499999992,0.3191328125,0.5049453125,0.17592187499999998
10400,1.71790546875,0.3209140625,0.5019999999999999,0.17708593749999998
10500,1.7219242187499992,0.32304687500000007,0.49960937499999997,0.17734375000000008
10600,1.7238421875000003,0.32422656250000004,0.49717187500000004,0.17860156249999995
10700,1.724446093749999,0.32349218750000003,0.49397656250000005,0.18253125000000003
10800,1.7270671875000003,0.32460156250000005,0.4919921874999999,0.18340625000000002
10900,1.7299335937499998,0.32561718750000007,0.49052343750000005,0.18385937500000005
11000,1.7330867187499994,0.3268984375,0.48853125000000003,0.18457031249999997
11100,1.7350132812500003,0.327796875,0.4867812499999999,0.185421875
11200,1.7360015624999996,0.32805468750000005,0.4862421875000002,0.18570312499999994
11300,1.7344898437499991,0.3287890625000001,0.49011718749999983,0.18109375
11400,1.7330968750000002,0.32770312499999993,0.49111718749999983,0.18117968750000002
11500,1.7298507812500001,0.3251171875000001,0.49221875000000015,0.18266406250000006
11600,1.7278703125,0.32262499999999983,0.4942656249999999,0.183109375
11700,1.7268937499999997,0.32291406249999993,0.4951796874999999,0.18190625
11800,1.7260281250000005,0.3234531249999999,0.49692187499999985,0.17962499999999998
11900,1.7255757812499988,0.3234921874999999,0.4960546874999999,0.18045312499999996
12000,1.7260421875,0.3240390625000001,0.49621874999999993,0.17974218750000004
12100,1.7260398437500004,0.32451562500000014,0.49656250000000013,0.17892187500000004
12200,1.7247179687500005,0.3242343750000001,0.4991484375000001,0.17661718750000002
12300,1.721778125,0.322515625,0.50046875,0.177015625
12400,1.7218921874999997,0.3239062499999999,0.499734375,0.176359375
12500,1.7232695312500002,0.32353906250000003,0.4985,0.1779609375
12600,1.7269953125000002,0.3242812500000001,0.49519531250000004,0.18052343750000005
12700,1.7276851562499995,0.3243515625000001,0.4953359375,0.18031249999999988
12800,1.7292359375000006,0.3258359375,0.49378125,0.1803828125
12900,1.7301765625000005,0.3279218750000001,0.4952812499999999,0.176796875
13000,1.7321257812499997,0.3281249999999999,0.49338281250000016,0.17849218749999998
13100,1.73007890625,0.327046875,0.49643750000000003,0.17651562500000004
13200,1.7281976562500003,0.32698437500000005,0.49741406250000003,0.1756015625
13300,1.7276539062500007,0.32795312499999996,0.49821093750000006,0.17383593750000004
13400,1.7258351562500005,0.32678125000000013,0.5005000000000001,0.17271875000000006
13500,1.7255437500000004,0.326,0.49824218750000004,0.17575781249999997
13600,1.7255773437499997,0.3250546874999999,0.4970000000000001,0.1779453125
13700,1.72512734375,0.32545312499999995,0.49927343750000003,0.17527343750000007
13800,1.72541875,0.32600781250000005,0.4989609375000001,0.17503125000000003
13900,1.7253250000000002,0.3254999999999999,0.497578125,0.176921875
14000,1.7283523437499995,0.3257812499999999,0.4945078125000001,0.17971093750000006
14100,1.7303406249999997,0.32724218749999995,0.4930312499999999,0.17972656249999996
14200,1.7307500000000002,0.3272656249999999,0.4935156250000001,0.17921874999999998
14300,1.7313453124999996,0.32752343749999985,0.49354687499999994,0.17892968750000005
14400,1.7307296874999998,0.3272109374999999,0.49406249999999996,0.1787265625
14500,1.7322203124999997,0.3278593750000001,0.49356250000000007,0.17857812500000006
14600,1.7338039062500001,0.32886718749999994,0.49228125,0.17885156250000003
14700,1.7352140625,0.33065625000000015,0.49235156249999984,0.1769921875
14800,1.7361906250000005,0.3287343749999999,0.4896406250000001,0.18162500000000006
14900,1.7384015625000002,0.32974999999999993,0.48871875000000015,0.18153125
15000,1.7408046875,0.3322421875,0.4881015624999999,0.17965625000000002
15100,1.7431773437500002,0.3340625,0.4882187499999999,0.17771874999999993
15200,1.7413820312500006,0.3326484375,0.48917968750000007,0.17817187499999998
15300,1.7389585937499998,0.33220312499999993,0.4911406249999999,0.17665625000000007
15400,1.7402453124999997,0.3320390624999999,0.48796874999999995,0.17999218749999996
15500,1.7412289062500004,0.331609375,0.48632031250000013,0.18207031249999991
15600,1.7425476562499997,0.33287499999999987,0.48764062500000005,0.17948437499999997
15700,1.7406757812500004,0.33267187499999995,0.4878906250000001,0.17943750000000006
15800,1.7419820312500003,0.33353125000000006,0.4873671874999999,0.17910156249999998
15900,1.7452968750000009,0.335515625,0.48451562500000017,0.17996875
16000,1.7495570312499995,0.3379453125,0.48253125,0.17952343749999997
16100,1.7512796875,0.33847656249999974,0.48161718750000015,0.17990625000000005
16200,1.7510070312500001,0.3380468749999999,0.48139062499999985,0.1805625
16300,1.7517242187499997,0.3393593750000001,0.4828359374999999,0.17780468750000003
16400,1.7502242187500008,0.33855468750000006,0.4825234375000001,0.17892187499999998
16500,1.7488460937500006,0.33762499999999995,0.4839765625,0.17839843750000003
16600,1.7453374999999995,0.33679687500000005,0.4869140625,0.1762890625
16700,1.7394343749999994,0.3338984375,0.4913125000000001,0.17478906249999995
16800,1.7360960937499998,0.3323125,0.4943281249999999,0.17335937499999993
16900,1.7326367187500005,0.33134375,0.4965234375,0.1721328125000001
17000,1.72966875,0.3305000000000002,0.49785156249999984,0.17164843750000003
17100,1.7299210937499998,0.32935937500000007,0.49768749999999984,0.172953125
17200,1.7283695312500005,0.32913281250000004,0.49844531250000007,0.17242187500000006
17300,1.7274679687499999,0.32860156249999983,0.499515625,0.17188281249999998
17400,1.72610859375,0.3297031250000001,0.49978906249999977,0.17050781249999994
17500,1.7294015625,0.3300390625000001,0.4979218750000001,0.17203906249999995
17600,1.7311382812499998,0.33015625,0.4961796875,0.17366406250000002
17700,1.7341023437499998,0.3317578125,0.4943359375000002,0.17390624999999998
17800,1.7371890625000002,0.332671875,0.4912500000000001,0.17607812499999997
17900,1.7372664062500005,0.33259374999999997,0.49019531249999987,0.1772109375
18000,1.7390351562499997,0.3341640624999999,0.48963281250000007,0.17620312500000002
18100,1.7407335937500001,0.3353671875000001,0.4881015625,0.17653125000000003
18200,1.7440968750000003,0.33548437500000006,0.48646093749999997,0.1780546875
18300,1.7448421875000002,0.33705468750000006,0.4856796875,0.1772656249999999
18400,1.7452171875000002,0.33717968749999994,0.48687500000000006,0.17594531249999998
18500,1.747728125,0.33826562500000007,0.4853828124999998,0.1763515625
18600,1.7473046875,0.33754687499999997,0.48603906249999984,0.17641406249999994
18700,1.7460937499999998,0.3376250000000002,0.4875859375,0.17478906250000004
18800,1.7419562499999999,0.335234375,0.4909140625000002,0.17385156249999995
18900,1.7410242187500005,0.334828125,0.4898281249999999,0.17534375
19000,1.7399195312499995,0.33484375,0.49126562500000004,0.173890625
19100,1.7395390625000002,0.333140625,0.49053906250000007,0.17632031249999996
19200,1.7420039062500003,0.334265625,0.4888828125000001,0.1768515625
19300,1.74339296875,0.3347656250000002,0.48726562499999987,0.17796875000000004
19400,1.7448640625,0.3355468750000002,0.48542187499999995,0.17903124999999995
19500,1.7425656250000001,0.33482031249999994,0.48751562499999984,0.17766406250000003
19600,1.7431953125,0.33448437500000006,0.48652343750000016,0.17899218749999998
19700,1.7449148437500006,0.3342343750000001,0.48534375,0.18042187500000004
19800,1.7460617187500003,0.3342421875,0.48482031249999985,0.18093750000000008
19900,1.74511640625,0.3342812500000001,0.4851250000000001,0.18059375000000003
20000,1.7451789062499998,0.3347656250000002,0.48522656249999985,0.1800078125
20100,1.7441156249999998,0.33364843750000006,0.4860859374999998,0.1802656250000001
20200,1.7453945312500003,0.33415625000000004,0.4830312500000001,0.18281250000000002
20300,1.7486351562499993,0.335984375,0.4814218750000001,0.18259374999999997
20400,1.74894375,0.3363515624999999,0.48186718749999974,0.18178125000000003
20500,1.74989609375,0.3364062499999999,0.48156249999999995,0.18203124999999995
20600,1.7492601562499996,0.3361875,0.4838671875,0.17994531250000007
20700,1.7491445312499998,0.3369531249999999,0.4827734375,0.18027343749999997
20800,1.7496546875,0.3376093750000001,0.48400781249999997,0.17838281250000004
20900,1.7495140625000005,0.3374921875,0.48332812499999994,0.17917968750000002
21000,1.7472710937500004,0.33639843749999987,0.48575,0.1778515625
21100,1.7489515624999998,0.3363281250000001,0.48195312500000015,0.18171874999999996
21200,1.7509492187499993,0.33782812500000003,0.48225,0.17992187500000004
21300,1.7558742187500007,0.340421875,0.4783984375,0.18117968749999994
21400,1.7591304687499993,0.3413906249999999,0.4735156249999999,0.18509375
21500,1.7618468750000005,0.3426953125,0.4737421875000001,0.1835625
21600,1.7634976562499995,0.3443437499999999,0.4746953125000002,0.18096093750000006
21700,1.76156484375,0.3436718749999999,0.47621093749999993,0.18011718750000005
21800,1.7550109374999996,0.3411015625,0.48186718749999996,0.17703125000000006
21900,1.7515156249999997,0.33941406249999995,0.48363281250000006,0.176953125
22000,1.74879296875,0.3384921875000001,0.4853125000000001,0.1761953125
22100,1.74679609375,0.3374296874999999,0.48534374999999985,0.17722656250000005
22200,1.7443250000000003,0.3358828125,0.4859765625,0.178140625
22300,1.7454039062500004,0.33487500000000003,0.4838046875,0.18132031249999989
22400,1.7441929687499995,0.33465625,0.48459374999999993,0.18075000000000005
22500,1.7445617187500002,0.33483593750000007,0.48579687499999996,0.17936718749999997
22600,1.7437218749999996,0.33415625000000015,0.4859062499999998,0.17993749999999994
22700,1.7410265624999999,0.3344062499999999,0.4894999999999999,0.17609375
22800,1.7398695312499999,0.3342734375000001,0.4911171874999999,0.17460937499999996
22900,1.7418023437499996,0.335296875,0.49009375000000005,0.17460937499999998
23000,1.74465703125,0.3371328125,0.4876015624999999,0.175265625
23100,1.7475500000000006,0.3385312500000002,0.4850078125000001,0.1764609375
23200,1.75317578125,0.340703125,0.4799218750000002,0.179375
23300,1.75626328125,0.34263281250000005,0.48040625,0.17696093749999997
23400,1.7576179687499998,0.3430234375000001,0.4797968750000001,0.17717968750000002
23500,1.7593039062499995,0.3439375000000002,0.47848437499999996,0.17757812500000006
23600,1.7602992187499997,0.343984375,0.4788984375,0.17711718749999997
23700,1.7635562499999995,0.3469296875,0.47691406250000007,0.17615624999999993
23800,1.7671289062499995,0.34860156250000013,0.4748203125000002,0.176578125
23900,1.7718343750000005,0.35071875000000013,0.47244531250000005,0.17683593750000007
24000,1.7751742187499997,0.3524921875,0.47147656250000003,0.17603124999999997
24100,1.7761179687500006,0.35347656250000004,0.4703437499999999,0.1761796875
24200,1.7764781249999997,0.35338281250000014,0.4714921875,0.17512500000000006
24300,1.7779562499999997,0.35434374999999996,0.46996875,0.17568749999999994
24400,1.7774039062500004,0.3548671875000001,0.4710390625,0.17409375000000002
24500,1.7777250000000002,0.3548359375000001,0.47064843750000007,0.17451562499999998
24600,1.7795414062500001,0.3560390625,0.4700703125000001,0.17389062500000005
24700,1.7821421874999999,0.3566406250000001,0.46871875000000024,0.17464062499999994
24800,1.7831289062499993,0.35701562499999984,0.46838281249999997,0.17460156249999992
24900,1.7829187499999994,0.3566953125,0.4689921875,0.17431249999999998
25000,1.7812171875,0.3564531249999998,0.46962500000000007,0.17392187499999995
25100,1.7788351562499995,0.3552812500000001,0.46971093750000004,0.17500781250000005
25200,1.7787609375,0.3548515625,0.468640625,0.17650781250000003
25300,1.7793539062499997,0.35475000000000007,0.46821874999999996,0.17703124999999997
25400,1.7809585937500008,0.35497656250000004,0.4668046875000001,0.17821874999999998
25500,1.7825601562500002,0.3545,0.46528906249999996,0.18021093750000003
25600,1.7839203124999998,0.3553671875000001,0.46470312499999994,0.17992968749999994
25700,1.7856125,0.35629687499999985,0.4625781249999999,0.18112499999999987
25800,1.7864445312500004,0.35612499999999997,0.46170312500000005,0.18217187499999998
25900,1.7851921875,0.3547890625,0.46372656250000005,0.18148437499999992
26000,1.7828468750000002,0.35344531250000016,0.46528125000000004,0.1812734375
26100,1.7823023437499999,0.35439843750000005,0.46570312499999983,0.17989843749999998
26200,1.7802218749999996,0.3528671874999999,0.46935937499999997,0.17777343750000005
26300,1.7792570312500005,0.35249218749999994,0.4681953124999999,0.17931249999999999
26400,1.7782476562500007,0.3520312500000001,0.46953125000000007,0.17843749999999997
26500,1.7761062499999993,0.35092968749999986,0.46925000000000006,0.17982031249999997
26600,1.7753164062500002,0.35123437499999993,0.46917187500000007,0.17959374999999997
26700,1.7767015625,0.35003125,0.4670781250000001,0.182890625
26800,1.7771492187500004,0.349859375,0.46741406249999995,0.18272656250000002
26900,1.775653125,0.348921875,0.4698671874999999,0.18121093749999997
27000,1.77301015625,0.34809375,0.47160937500000005,0.180296875
27100,1.7684195312500004,0.3466093750000001,0.4760781249999999,0.17731249999999996
27200,1.7689859374999994,0.34606250000000016,0.47415624999999983,0.17978125000000003
27300,1.7681812499999996,0.34678906249999986,0.47332031249999995,0.17989062499999994
27400,1.7680296875,0.34771874999999997,0.4735859375,0.17869531249999995
27500,1.7705007812499993,0.34889843750000005,0.47278124999999993,0.1783203125
27600,1.7734171874999995,0.3498593749999999,0.469640625,0.18049999999999997
27700,1.7762968749999999,0.3505937499999999,0.46734375000000006,0.18206249999999993
27800,1.7747953124999998,0.3506015624999999,0.4690078125000001,0.18039062499999997
27900,1.7729828125,0.3488437500000001,0.47100000000000003,0.18015625000000002
28000,1.7723312499999997,0.34946093749999996,0.47203906250000005,0.1785
28100,1.7693148437500001,0.34820312500000006,0.47354687500000003,0.17825000000000005
28200,1.76366015625,0.34564062500000003,0.47728906250000014,0.1770703125
28300,1.7610867187500006,0.344265625,0.48067968749999995,0.1750546875
28400,1.7601890625000003,0.34349218750000005,0.48129687500000023,0.1752109375
28500,1.7568843749999998,0.3419453124999999,0.48030468750000016,0.17775000000000005
28600,1.7585312500000003,0.3431015624999999,0.4789921874999999,0.17790625000000002
28700,1.76328515625,0.34527343750000017,0.47437499999999994,0.18035156250000006
28800,1.76600546875,0.3467500000000001,0.47360937500000005,0.17964062500000003
28900,1.7682265625000002,0.34818750000000004,0.472625,0.17918750000000006
29000,1.7728226562499998,0.34909375,0.4703046874999999,0.1806015625
29100,1.7755500000000008,0.35062499999999996,0.4687812499999998,0.18059374999999994
29200,1.7749453124999997,0.3504374999999999,0.4697578124999999,0.17980468749999995
29300,1.7718820312499994,0.3489843749999999,0.4728984375,0.17811718750000002
29400,1.7696265625000005,0.3479375000000001,0.4729609374999999,0.17910156249999995
29500,1.7678812499999996,0.34607031249999987,0.47375,0.18017968749999996
29600,1.7667062500000001,0.3466171874999999,0.4725078125,0.18087500000000004
29700,1.7668515624999999,0.34696093749999996,0.4731640624999999,0.179875
29800,1.7674289062499995,0.3476484375000001,0.47520312499999995,0.17714843749999998
29900,1.7656789062499993,0.34707812499999996,0.47601562499999994,0.17690625
30000,1.7656515625,0.346703125,0.4757031249999999,0.17759375
30100,1.7660648437499993,0.3461562500000001,0.475421875,0.17842187500000012
30200,1.7656867187499998,0.3461875,0.4753046875,0.17850781249999997
30300,1.7666195312499997,0.347046875,0.47557812500000013,0.177375
30400,1.7677890625000001,0.34696875,0.47464843750000013,0.17838281250000007
30500,1.7657210937500007,0.34646875000000005,0.47465625,0.17887500000000006
30600,1.7626875000000002,0.3447499999999999,0.47817968750000006,0.17707031250000002
30700,1.7601351562499996,0.34329687500000006,0.4789531249999998,0.17775000000000002
30800,1.7603976562499999,0.34349999999999986,0.4788515625000001,0.17764843750000006
30900,1.7594484375000004,0.3426328125,0.4787734375,0.17859374999999997
31000,1.7590234374999998,0.34282812500000004,0.47947656250000004,0.17769531250000004
31100,1.7564890625,0.34115625,0.4809531249999999,0.17789062500000008
31200,1.7539164062499994,0.34097656249999997,0.48367968749999996,0.17534375000000002
31300,1.7513343750000003,0.33936718750000006,0.4832265625000002,0.17740625000000002
31400,1.75159140625,0.3373671875000001,0.48175,0.18088281250000002
31500,1.7536937499999994,0.33846875,0.4815781250000002,0.17995312500000002
31600,1.7550609375000004,0.3386249999999999,0.47963281250000006,0.18174218750000004
31700,1.75716484375,0.33974218750000007,0.47952343750000004,0.180734375
31800,1.7586820312500002,0.34065625000000005,0.47682812499999977,0.18251562499999996
31900,1.7568421874999998,0.34028125000000004,0.4787656249999999,0.18095312499999996
32000,1.7554140625000005,0.33950781250000006,0.4800468749999999,0.18044531249999995
32100,1.7561531249999998,0.339375,0.4790234374999999,0.18160156250000004
32200,1.7581921875,0.34049218750000004,0.47762499999999997,0.1818828125
32300,1.7575140625,0.33880468750000003,0.47699999999999987,0.18419531249999999
32400,1.7551976562499998,0.3386874999999999,0.4791406249999999,0.18217187500000007
32500,1.7567015625000004,0.339734375,0.4782500000000001,0.18201562499999996
32600,1.7589296875000004,0.34239062499999995,0.47846093749999985,0.17914843749999998
32700,1.7585921875000001,0.3415703124999998,0.47801562500000017,0.18041406249999994
32800,1.7590742187500008,0.34104687499999997,0.4770624999999999,0.18189062500000003
32900,1.7586632812500003,0.34249218750000004,0.47937499999999983,0.17813281249999996
33000,1.75605703125,0.3414921874999999,0.482078125,0.17642968750000004
33100,1.7561820312499996,0.3410546875,0.47964843750000014,0.17929687499999997
33200,1.7561406249999998,0.3411328124999999,0.4806015625,0.17826562499999996
33300,1.75563203125,0.34149218749999993,0.4810234375000001,0.17748437499999997
33400,1.75532265625,0.3414531250000001,0.48096874999999994,0.1775781250000001
33500,1.7572164062500006,0.34187500000000015,0.480453125,0.17767187499999998
33600,1.7591921875000007,0.34114843749999996,0.478859375,0.17999218750000007
33700,1.75844609375,0.3413046875,0.4790000000000001,0.17969531249999995
33800,1.7556015625,0.33995312499999997,0.4812578124999998,0.17878906250000007
33900,1.7568718750000007,0.34146093749999995,0.4818281250000001,0.1767109375
34000,1.7556710937499997,0.3413515625,0.4824453125000001,0.17620312500000002
34100,1.7533203125,0.34092187500000004,0.4842031249999999,0.17487500000000003
34200,1.7545578124999994,0.3407265625,0.48310937500000006,0.17616406249999994
34300,1.7555156249999995,0.340296875,0.48104687500000015,0.17865625
34400,1.7569328125,0.340484375,0.478078125,0.18143750000000008
34500,1.7599796875000004,0.3415078125,0.4749609375,0.18353125000000003
34600,1.7673718750000003,0.34376562499999996,0.4694765624999998,0.1867578125
34700,1.7694015624999997,0.3459843750000001,0.4697578125,0.18425781250000006
34800,1.7686195312500002,0.346578125,0.4719375,0.18148437500000003
34900,1.7671750000000013,0.34780468749999993,0.47525,0.1769453125
35000,1.7700132812500002,0.3489999999999999,0.47312499999999974,0.17787499999999998
35100,1.7705679687500004,0.34932812500000004,0.47279687500000006,0.17787500000000003
35200,1.76881171875,0.34843750000000007,0.47332031249999995,0.17824218749999995
35300,1.76606796875,0.3473906249999999,0.47553125,0.17707812499999998
35400,1.7667140625000002,0.3488437500000001,0.47621875,0.17493749999999994
35500,1.7670124999999997,0.3494218749999999,0.4767109375000001,0.17386718750000002
35600,1.76486015625,0.34846093749999996,0.4771015625000001,0.17443750000000002
35700,1.7629226562500002,0.34711718750000004,0.47637499999999994,0.17650781249999997
35800,1.7644296874999996,0.3475625,0.4754062499999999,0.17703125
35900,1.7676804687499992,0.34928906249999986,0.47403125,0.17667968750000004
36000,1.7708257812500003,0.35071875,0.4728984375,0.17638281249999999
36100,1.7749796875000003,0.35188281250000003,0.468328125,0.1797890625
36200,1.7765453124999997,0.35217968750000006,0.4667578124999999,0.18106249999999996
36300,1.77870234375,0.353109375,0.4651640625,0.18172656249999997
36400,1.7819882812499994,0.3542812500000001,0.46326562500000007,0.182453125
36500,1.78705859375,0.35654687499999993,0.4614921875,0.18196093750000003
36600,1.7913375000000002,0.35842968750000004,0.4591640624999999,0.18240625000000002
36700,1.7936632812500002,0.3607499999999999,0.4589296875,0.18032031250000008
36800,1.7946765624999996,0.36189843750000006,0.45972656250000005,0.178375
36900,1.7929617187500004,0.36153125,0.46162499999999995,0.17684375
37000,1.7953429687500007,0.3620546875000002,0.4591015625000001,0.17884374999999997
37100,1.7944867187499998,0.3621484374999999,0.45968750000000025,0.1781640625
37200,1.7923976562499997,0.36046874999999995,0.45958593750000004,0.1799453125
37300,1.7904031249999994,0.35890624999999987,0.4611874999999998,0.17990625000000007
37400,1.789009375,0.3583671875000001,0.46507031249999997,0.17656250000000004
37500,1.7870468750000006,0.35761718750000004,0.4664999999999998,0.17588281250000007
37600,1.7835062499999992,0.3549531249999999,0.4676406249999999,0.17740625
37700,1.7762507812500004,0.3510546875,0.4717890625000001,0.17715625000000004
37800,1.7742234375000008,0.350359375,0.4724375000000002,0.177203125
37900,1.7740125000000002,0.35123437500000004,0.4735078125,0.17525781249999994
38000,1.7733484375000002,0.35035156250000005,0.473234375,0.1764140625
38100,1.7703023437500003,0.348296875,0.47572656250000006,0.1759765625
38200,1.7664859374999997,0.34582031250000006,0.47782812500000016,0.1763515625
38300,1.7630984375,0.34467187500000007,0.47855468749999985,0.1767734375
38400,1.7598257812499996,0.34419531250000013,0.48058593749999995,0.17521874999999995
38500,1.75934375,0.34439062500000006,0.48094531250000006,0.1746640625
38600,1.7589046874999998,0.3442031249999999,0.48110937500000006,0.17468750000000002
38700,1.7611531249999997,0.34582812500000004,0.48032812500000005,0.17384375000000007
38800,1.7640179687499993,0.34676562499999997,0.4783124999999999,0.174921875
38900,1.7646351562500004,0.346796875,0.4771562500000001,0.17604687500000002
39000,1.76890546875,0.3478906249999999,0.47323437500000004,0.17887499999999995
39100,1.7719406249999998,0.3481015625,0.4699765625,0.181921875
39200,1.7714359374999997,0.34821875,0.4710859375,0.1806953125000001
39300,1.7715070312499999,0.34935937499999997,0.4731328125,0.17750781250000003
39400,1.771,0.34907812499999985,0.47289843749999994,0.17802343750000002
39500,1.7691703124999998,0.3479453125,0.4735703125,0.17848437499999995
39600,1.7718960937500001,0.3487656249999999,0.4710624999999999,0.1801718749999999
39700,1.770515625,0.34817968750000006,0.4725156250000001,0.1793046875
39800,1.7699734374999998,0.34748437499999996,0.47368750000000004,0.17882812499999995
39900,1.7671835937500002,0.3470624999999999,0.4757109375000001,0.1772265625
40000,1.7640999999999996,0.3451250000000002,0.47751562500000005,0.17735937499999996
40100,1.7617140624999998,0.34507812499999996,0.47908593750000017,0.17583593749999998
40200,1.7584703124999999,0.34339062499999995,0.4811249999999999,0.17548437499999991
40300,1.7591164062499995,0.3442968749999999,0.479484375,0.17621874999999992
40400,1.7581390624999997,0.343890625,0.47809374999999976,0.17801562500000004
40500,1.760810937499999,0.3451328125,0.47636718749999996,0.17849999999999996
40600,1.7657265625000003,0.346546875,0.47272656250000006,0.18072656250000008
40700,1.7675000000000005,0.3467734374999999,0.47223437499999993,0.18099218750000004
40800,1.7677921875000002,0.3478125000000001,0.47410937500000006,0.17807812499999998
40900,1.7663382812500004,0.34710937500000005,0.47459375,0.17829687500000005
41000,1.7611492187499995,0.344375,0.47855468749999996,0.17707031250000002
41100,1.7576171875000004,0.34427343749999995,0.48382031249999996,0.17190625000000004
41200,1.7582187499999997,0.34492187499999993,0.48297656250000004,0.1721015625
41300,1.7587023437499998,0.3443828125000001,0.48136718750000007,0.17425
41400,1.7593023437499997,0.345015625,0.4806171875,0.17436718750000008
41500,1.760446875,0.34503125000000007,0.48071093750000005,0.1742578125
41600,1.7613531249999999,0.3457578125000001,0.47958593749999995,0.17465625000000007
41700,1.7608828125,0.34520312500000006,0.4776640624999999,0.1771328125
41800,1.7585421875000002,0.34282812500000004,0.47777343749999995,0.17939843749999998
41900,1.7577757812500003,0.3426171875000001,0.47824218750000014,0.179140625
42000,1.7575656250000005,0.34272656249999994,0.4784921874999997,0.17878125
42100,1.7605640625000003,0.343390625,0.47673437499999993,0.1798750000000001
42200,1.7638390624999998,0.3444921875000001,0.4744453124999998,0.1810625
42300,1.7645765625,0.3454765625,0.47524999999999995,0.17927343750000005
42400,1.7669187499999999,0.34664062499999987,0.4737499999999998,0.17960937499999996
42500,1.7672429687499998,0.3469765624999999,0.47347656250000003,0.179546875
42600,1.7695546875000003,0.34743750000000007,0.4731718749999999,0.17939062499999991
42700,1.77017734375,0.3480546875,0.47203124999999996,0.1799140625
42800,1.7718289062499997,0.34830468750000004,0.4722890625,0.17940624999999996
42900,1.7721156249999996,0.35013281249999995,0.4716562499999999,0.1782109375
43000,1.7725492187499998,0.3493124999999999,0.47266406249999987,0.17802343749999996
43100,1.7710195312499994,0.34846875,0.47423437500000004,0.17729687500000002
43200,1.7696484375000006,0.3470078125,0.47486718750000007,0.178125
43300,1.76684140625,0.34525781250000004,0.47609375000000004,0.17864843750000003
43400,1.76401328125,0.3430937499999998,0.47567187500000013,0.181234375
43500,1.7641460937499995,0.34349218750000005,0.4755625,0.1809453125
43600,1.763265625,0.34219531249999996,0.47595312500000003,0.18185156250000006
43700,1.7645023437499996,0.3439765625,0.4756328125,0.18039062499999994
43800,1.7618796874999996,0.3425703125,0.4766718750000001,0.18075781249999995
43900,1.760178125,0.34153124999999995,0.4780703125000002,0.18039843749999995
44000,1.7587984374999996,0.3408125000000001,0.47754687500000004,0.181640625
44100,1.7609187500000003,0.3418750000000001,0.4766171875,0.18150781250000003
44200,1.7609039062499998,0.3419062499999999,0.47589843750000005,0.1821953125
44300,1.7601421875000003,0.34203124999999995,0.47646874999999994,0.1815
44400,1.75857421875,0.34142187500000004,0.4773750000000001,0.18120312500000005
44500,1.7567703125,0.3399921875,0.47838281250000003,0.181625
44600,1.7576499999999997,0.34126562500000013,0.47876562500000014,0.17996874999999996
44700,1.7579375000000002,0.34152343749999997,0.4801562500000001,0.17832031250000002
44800,1.75720859375,0.3411875000000001,0.4791874999999998,0.17962499999999995
44900,1.7548749999999995,0.33998437499999995,0.48080468750000005,0.1792109375
45000,1.7557679687499999,0.33996875000000015,0.480765625,0.179265625
45100,1.7535953125000008,0.3395703125,0.4827578124999998,0.1776718749999999
45200,1.7530695312499995,0.34012499999999996,0.4826250000000001,0.17725000000000007
45300,1.7535749999999992,0.3406015625000002,0.4831953125000001,0.176203125
45400,1.7530960937499998,0.3396171875,0.48175,0.17863281249999996
45500,1.75341328125,0.34003125000000006,0.48117968750000006,0.1787890625
45600,1.7515007812500003,0.33875000000000005,0.48267187499999986,0.17857812500000003
45700,1.7515367187500002,0.33883593749999996,0.48182812500000005,0.17933593750000004
45800,1.7499257812500002,0.338828125,0.48526562500000003,0.17590625
45900,1.7445023437499996,0.3362812500000001,0.48890625000000004,0.17481250000000007
46000,1.7420171875000003,0.3356171875,0.48986718749999997,0.17451562500000004
46100,1.7406554687499995,0.33571093750000003,0.4911328124999999,0.17315625
46200,1.74171796875,0.33624218749999996,0.4909921875000001,0.17276562499999995
46300,1.7440765624999994,0.33732031249999994,0.4902265624999999,0.17245312500000004
46400,1.7445,0.3372265625,0.4892968750000001,0.17347656250000001
46500,1.7449265625000003,0.33773437500000003,0.4896640624999999,0.1726015625
46600,1.7457335937499998,0.3381796875,0.48846875,0.17335156250000008
46700,1.7461156249999996,0.338875,0.4886484375000001,0.17247656249999996
46800,1.7456968750000001,0.33835156250000004,0.4891718750000002,0.17247656249999996
46900,1.7466468749999997,0.3382343750000001,0.48713281250000023,0.17463281249999996
47000,1.74950234375,0.3397812499999999,0.48565625000000007,0.1745625
47100,1.7504492187500005,0.33890624999999996,0.48285156250000005,0.1782421875
47200,1.7526992187500006,0.3398359375000001,0.4819296874999999,0.17823437499999994
47300,1.7533523437499998,0.34055468750000023,0.4812734375,0.17817187500000004
47400,1.7595523437500002,0.3434218750000001,0.4787421875000001,0.17783593750000004
47500,1.76358203125,0.34520312499999994,0.4772890625000001,0.17750781249999992
47600,1.7634406249999997,0.34596875000000005,0.47746093750000007,0.17657031250000002
47700,1.7628984374999999,0.34713281249999994,0.4797343749999999,0.17313281250000004
47800,1.7664945312499996,0.34868750000000004,0.4755234374999999,0.1757890625000001
47900,1.7672632812499998,0.3488437499999999,0.474015625,0.177140625
48000,1.76559765625,0.34703125,0.4753281249999999,0.17764062499999994
48100,1.7654039062499995,0.34674218749999997,0.4763437499999999,0.17691406249999997
48200,1.7657156249999997,0.3472187499999999,0.4763281250000002,0.17645312499999996
48300,1.765096875,0.3466718750000001,0.47666406249999993,0.1766640625
48400,1.76551015625,0.3471171874999999,0.477796875,0.17508593750000007
48500,1.76948046875,0.3482890625,0.4746562500000001,0.17705468749999997
48600,1.76980859375,0.3492578125,0.4737421875,0.17700000000000002
48700,1.77276015625,0.34992187499999994,0.4710234375,0.17905468750000003
48800,1.7760273437499998,0.3517890624999999,0.46910937500000005,0.1791015625
48900,1.77840625,0.3516328125,0.4674531249999999,0.18091406249999997
49000,1.7777468750000005,0.3509453125,0.46674218750000024,0.1823125
49100,1.7775242187500004,0.3493359375,0.4652187500000001,0.1854453125
49200,1.7775382812499996,0.3487656249999999,0.4653125,0.1859218750000001
49300,1.7772328125,0.3490234374999999,0.46623437499999987,0.18474218749999996
49400,1.7733054687499994,0.34747656250000003,0.4679296875,0.18459374999999997
49500,1.7726226562500003,0.34664062500000004,0.46727343750000006,0.18608593749999994
49600,1.7731320312499999,0.34677343750000006,0.4690624999999999,0.18416406249999995
49700,1.7708148437499998,0.3456171875,0.47169531249999996,0.18268749999999995
49800,1.7672437499999998,0.34510937500000005,0.472234375,0.18265624999999996
49900,1.7671367187499998,0.34429687500000017,0.4718984375,0.18380468750000006
50000,1.7675140625,0.3437734375,0.4701953124999999,0.18603125000000004
50100,1.7699445312500004,0.3450234375000001,0.46935937499999997,0.18561718750000009
50200,1.76866953125,0.3458437499999999,0.47325781249999993,0.18089843749999998
50300,1.7665648437500006,0.3451953125000001,0.47643750000000007,0.17836718750000005
50400,1.7604539062500002,0.34230468750000004,0.4806015625,0.17709374999999997
50500,1.7549749999999995,0.34025000000000005,0.4846953124999999,0.17505468749999997
50600,1.7550976562499996,0.3407812499999999,0.48431250000000015,0.17490624999999996
50700,1.7529109375000003,0.3399531250000001,0.4856640624999998,0.17438281250000004
50800,1.7524781250000006,0.33954687499999997,0.4835390625,0.1769140625
50900,1.7534648437499998,0.33973437500000014,0.4823046874999999,0.17796093750000003
51000,1.7521125000000004,0.33921874999999996,0.4834765625000001,0.17730468749999997
51100,1.7519640625000001,0.3393203124999999,0.48307031250000004,0.17760937500000004
51200,1.7523976562500005,0.3387656250000001,0.4821875,0.17904687500000002
51300,1.7543132812500004,0.3381875000000001,0.48055468749999986,0.18125781249999992
51400,1.7568937499999997,0.3404218749999998,0.4793359374999999,0.1802421875
51500,1.7600648437499997,0.34229687499999994,0.4804609375000002,0.1772421875
51600,1.76216328125,0.342828125,0.4785546875,0.17861718750000002
51700,1.7617351562499997,0.34163281249999994,0.4779140624999999,0.180453125
51800,1.758767187499999,0.34046874999999993,0.47877343749999995,0.1807578125
51900,1.7583226562499992,0.34004687499999997,0.4783906250000002,0.18156249999999993
52000,1.7579710937500004,0.3399765625000002,0.4781328125,0.1818906249999999
52100,1.7599460937499998,0.34057031250000014,0.4766015625,0.1828281250000001
