step,mean_aspect_ratio,fraction_elongated,fraction_round,fraction_binary
100,1.0,0.0,1.0,0.0
200,1.0997257812499999,0.006062500000000004,0.7319062499999999,0.26203125
300,1.0976640625,0.010773437500000003,0.74884375,0.2403828125
400,1.10091171875,0.014281250000000002,0.7501406249999998,0.23557812500000005
500,1.1071375000000003,0.017390625,0.7454062499999999,0.23720312500000001
600,1.1120914062499996,0.020656250000000004,0.745140625,0.23420312499999998
700,1.12046328125,0.024398437499999995,0.744703125,0.2308984375
800,1.1303164062500004,0.028671875,0.7411796875,0.23014843750000002
900,1.1392585937500002,0.034085937499999996,0.74746875,0.21844531250000002
1000,1.1486351562499995,0.03930468750000001,0.7500078125,0.21068749999999997
1100,1.1581820312500002,0.0453984375,0.7527421874999999,0.201859375
1200,1.1683640625,0.050445312500000034,0.7542734375000001,0.1952812500000001
1300,1.1807343749999997,0.056054687500000006,0.7533437500000003,0.19060156249999996
1400,1.19220546875,0.06199218749999999,0.7530156250000003,0.18499218749999996
1500,1.2030171874999998,0.06777343750000002,0.7524296875000003,0.17979687500000008
1600,1.2154945312499996,0.07407812500000002,0.7496562499999999,0.17626562500000004
1700,1.2274007812499996,0.08078906249999998,0.7489531250000002,0.17025781249999997
1800,1.2419156250000003,0.08793749999999999,0.7469374999999998,0.16512500000000005
1900,1.2563304687500003,0.09493750000000001,0.7440078124999999,0.16105468750000004
2000,1.2691203125,0.10160937499999999,0.7400468750000001,0.15834374999999998
2100,1.2813031250000002,0.10812500000000003,0.7375859375,0.1542890625
2200,1.2946695312500007,0.1146171875,0.7325937500000002,0.15278906249999996
2300,1.3098601562499999,0.1216953125,0.7239921875000002,0.15431250000000002
2400,1.32326171875,0.12806250000000002,0.7189609374999999,0.15297656250000002
2500,1.3364921875000002,0.13447656249999992,0.7130156249999999,0.15250781249999998
2600,1.3512625,0.14157812500000003,0.7051562499999997,0.15326562500000002
2700,1.3633250000000001,0.14782812500000003,0.7004140624999998,0.15175781249999998
2800,1.3725546874999999,0.15280468749999998,0.6979140625,0.14928124999999995
2900,1.38257734375,0.15809375,0.6923984375,0.14950781249999998
3000,1.3917578124999999,0.16305468749999996,0.6903828125000001,0.1465625
3100,1.4015382812499995,0.167171875,0.6854609375000001,0.14736718750000005
3200,1.40872265625,0.17056250000000006,0.68196875,0.14746875000000004
3300,1.4207539062499996,0.17664843750000003,0.6730390624999999,0.1503125
3400,1.4331367187499995,0.18125000000000008,0.6653125,0.15343749999999998
3500,1.4417992187499997,0.1859062499999999,0.6608046874999998,0.15328906250000002
3600,1.44841171875,0.18958593749999994,0.6584453125000002,0.15196874999999999
3700,1.4560875,0.19350781250000004,0.6534375,0.15305468750000004
3800,1.46250390625,0.19700781250000005,0.6495703124999999,0.15342187499999999
3900,1.4677953125000003,0.1996171875,0.6467421875,0.153640625
4000,1.47465859375,0.20401562500000006,0.6436640624999999,0.15232031250000005
4100,1.4819937499999993,0.20670312500000004,0.6384296874999997,0.15486718749999998
4200,1.4913406250000008,0.210171875,0.6308046874999998,0.15902343749999998
4300,1.498478125,0.21306249999999996,0.62575,0.1611875
4400,1.5079398437499996,0.21642187500000007,0.6180234375,0.1655546875
4500,1.5152554687500004,0.21946875000000007,0.6135234375,0.16700781249999996
4600,1.5225437499999999,0.22207031249999995,0.6075,0.17042968749999995
4700,1.53166640625,0.22628125000000002,0.6024062500000001,0.1713125
4800,1.536721875,0.22806249999999986,0.5996328125,0.17230468749999994
4900,1.5415984375000003,0.23070312500000006,0.597671875,0.17162500000000003
5000,1.5459687500000001,0.23303906249999995,0.5969062500000001,0.1700546875
5100,1.5487742187500004,0.23512499999999997,0.5968359375000001,0.16803906250000003
5200,1.5535179687500003,0.23778906250000004,0.5953046875,0.1669062500000001
5300,1.55486640625,0.23909374999999994,0.5947890625000002,0.16611718750000004
5400,1.5604578125,0.24195312499999996,0.5921718750000002,0.16587499999999997
5500,1.5643914062500002,0.2437343749999999,0.5911796875,0.1650859375
5600,1.5693609375,0.24699999999999997,0.5881640625,0.16483593749999997
5700,1.5721328125000005,0.24941406250000003,0.5885078125,0.16207812500000002
5800,1.57290234375,0.2493828125,0.5877578125000001,0.16285937500000006
5900,1.576034375,0.2515078125,0.5863046875000002,0.16218750000000007
6000,1.5784546875000003,0.25202343750000006,0.5853046874999998,0.162671875
6100,1.5823632812499997,0.253765625,0.5817343749999997,0.16450000000000006
6200,1.5847054687499997,0.2551015625,0.5797734375,0.16512499999999994
6300,1.5878218749999997,0.25618749999999996,0.5781015625,0.1657109375
6400,1.5905156249999992,0.25707031250000006,0.5765781250000002,0.16635156249999997
6500,1.5929453125,0.25861718750000007,0.57565625,0.16572656249999998
6600,1.5924359375,0.25823437499999996,0.5749140624999999,0.1668515625
6700,1.5955375000000007,0.25820312500000003,0.5724062499999999,0.169390625
6800,1.5965578125,0.25837499999999997,0.5699609375000001,0.1716640625
6900,1.5972960937500003,0.25975,0.5714453124999999,0.16880468750000002
7000,1.6009648437499997,0.2614609375,0.5710468749999998,0.16749218750000003
7100,1.6044953125,0.263875,0.5684218750000001,0.16770312499999998
7200,1.606628125,0.2641015625,0.5666328125000001,0.169265625
7300,1.6124523437499994,0.26649218750000003,0.5627890625,0.17071875
7400,1.6125585937499995,0.26690624999999985,0.5620078125000001,0.17108593749999992
7500,1.6136851562499999,0.2677890625,0.5605312499999999,0.17167968750000004
7600,1.6152062500000002,0.26900781250000005,0.5604218750000001,0.1705703125
7700,1.6160664062500005,0.26865625,0.5603828125000001,0.1709609375
7800,1.6157578124999998,0.2693359375,0.5618437500000003,0.16882031249999999
7900,1.6163632812499995,0.27055468750000006,0.5625156249999999,0.16692968750000003
8000,1.6203874999999999,0.2721484374999999,0.5593046874999998,0.16854687500000004
8100,1.6222031249999995,0.2732031250000001,0.5579921875000001,0.16880468750000008
8200,1.6243914062499998,0.2740234375,0.5566328125000002,0.16934374999999996
8300,1.6261546875000001,0.27464062499999997,0.5563515625,0.1690078125
8400,1.62700859375,0.27460937500000004,0.5568281249999998,0.16856249999999998
8500,1.6286171875000002,0.27525781249999987,0.5543515625,0.17039062500000005
8600,1.6275609374999997,0.27457812500000006,0.5551250000000002,0.17029687500000004
8700,1.6308351562500008,0.2769843750000001,0.5546484375000003,0.16836718750000004
8800,1.6305351562499995,0.2776328125,0.55490625,0.16746093750000005
8900,1.6318429687500002,0.2785624999999999,0.5549921875,0.1664453125
9000,1.6287179687500004,0.27687500000000004,0.5576562499999999,0.16546874999999991
9100,1.62749921875,0.2762890625,0.5569999999999998,0.16671093749999993
9200,1.6264828125000002,0.27458593749999993,0.5558515624999999,0.16956249999999998
9300,1.62673125,0.27438281249999996,0.5540234374999999,0.17159375000000004
9400,1.6284148437500003,0.27471875000000007,0.5544375,0.17084375000000002
9500,1.63021796875,0.27582812500000004,0.5544062499999998,0.16976562499999992
9600,1.63092109375,0.27785937499999996,0.5548593750000002,0.16728124999999994
9700,1.6330750000000007,0.27826562499999996,0.5534531249999998,0.16828125
9800,1.6337648437499996,0.278515625,0.5553359375000001,0.1661484375
9900,1.6345703125,0.27952343749999997,0.5538281250000001,0.16664843749999994
10000,1.6326632812500002,0.2780156250000001,0.5556093749999997,0.16637500000000002
10100,1.6311546875,0.27682031250000005,0.5568750000000001,0.16630468750000008
10200,1.6296726562500001,0.2765781250000001,0.5583359374999999,0.16508593750000006
10300,1.6279398437500008,0.27596093749999995,0.5585468750000001,0.1654921875
10400,1.62616015625,0.2748359374999999,0.5577578125,0.16740625
10500,1.626009375,0.274484375,0.5585624999999999,0.16695312500000006
10600,1.6275867187499997,0.27429687499999994,0.5552734374999999,0.17042968749999995
10700,1.6307796874999996,0.2760703125000001,0.55146875,0.1724609374999999
10800,1.6328500000000006,0.2766953125,0.5499843749999999,0.17332031250000005
10900,1.6348046875000002,0.27714843749999996,0.5479375000000002,0.17491406250000002
11000,1.6400335937499997,0.2789765625000001,0.545,0.1760234375
11100,1.6422679687500004,0.280453125,0.5433515624999998,0.17619531250000003
11200,1.6461960937499998,0.28242968749999997,0.5407578124999999,0.17681249999999998
11300,1.6465046875,0.28184375,0.5421953124999999,0.1759609375
11400,1.6464476562500003,0.28234375000000006,0.542421875,0.175234375
11500,1.64485390625,0.28148437499999995,0.5448046875000001,0.17371093749999997
11600,1.6418593750000006,0.2810546875,0.5469765625,0.17196875
11700,1.6369320312500002,0.2779375,0.5498750000000001,0.17218749999999997
11800,1.6365718750000007,0.27826562499999985,0.5499609375,0.17177343749999996
11900,1.63542109375,0.27784375000000006,0.5505312500000001,0.171625
12000,1.6369507812499997,0.2768281249999999,0.5501328125000001,0.17303906250000003
12100,1.6388265625,0.27768749999999986,0.5472890625000001,0.17502343749999996
12200,1.6405796874999992,0.27827343750000005,0.5450937499999999,0.17663281249999999
12300,1.64059609375,0.27922656249999994,0.5451093749999998,0.17566406249999994
12400,1.6388867187499998,0.27854687499999997,0.5481015625000001,0.17335156250000006
12500,1.63869140625,0.27882031250000006,0.5483750000000001,0.17280468750000003
12600,1.63866640625,0.2776171874999999,0.5461250000000001,0.17625781250000008
12700,1.6389851562499997,0.27772656249999994,0.5460625000000003,0.1762109375
12800,1.6404609374999999,0.27807812499999995,0.54615625,0.175765625
12900,1.6443539062499997,0.28031250000000013,0.544140625,0.175546875
13000,1.644653125,0.2812890625,0.5450390625,0.17367187499999998
13100,1.6478648437499996,0.28365625,0.5432578125,0.17308593749999995
13200,1.648511718750001,0.28586718749999995,0.5434296875,0.17070312499999996
13300,1.6519,0.287671875,0.5426796875,0.16964843750000003
13400,1.6520984375000003,0.28775000000000006,0.5416249999999999,0.1706250000000001
13500,1.6523976562500002,0.2876562499999999,0.5422734374999999,0.1700703125
13600,1.6490929687500002,0.28685156249999993,0.544609375,0.16853906250000003
13700,1.6456117187500006,0.28580468750000004,0.54834375,0.16585156250000005
13800,1.6448117187499995,0.2856015625000001,0.550125,0.16427343750000004
13900,1.6432874999999998,0.2844296874999999,0.5503828124999999,0.16518750000000004
14000,1.6419070312499997,0.284625,0.55203125,0.16334375
14100,1.6425757812500001,0.2853593749999999,0.552265625,0.16237499999999996
14200,1.6436320312500003,0.2857734375,0.550796875,0.16342968749999998
14300,1.6468023437500001,0.2868828125,0.548,0.16511718750000004
14400,1.64818828125,0.28844531250000005,0.5478984374999999,0.1636562500000001
14500,1.6508742187499996,0.2897656249999999,0.5461562499999998,0.16407812500000002
14600,1.6503609375000001,0.28875781250000004,0.5458437500000002,0.16539843749999994
14700,1.6522140625000006,0.28911718750000004,0.5439609375000002,0.16692187500000003
14800,1.6543820312499997,0.2903046875,0.5418593749999999,0.1678359375
14900,1.6547421874999997,0.28923437499999993,0.5401250000000001,0.17064062500000002
15000,1.6553859375000004,0.28967968750000006,0.5392812499999999,0.1710390625
15100,1.6567921875000005,0.28983593749999986,0.5379218750000001,0.1722421875
15200,1.6596734375,0.2905468749999999,0.5351171874999997,0.1743359374999999
15300,1.6648234375,0.293375,0.5327734374999998,0.17385156249999997
15400,1.6673867187500002,0.2944765624999999,0.5306484375000001,0.17487499999999992
15500,1.6699914062499999,0.29500000000000004,0.5284453124999999,0.1765546875
15600,1.6723554687500004,0.29594531250000006,0.5284140624999998,0.17564062499999994
15700,1.6742734375000003,0.297,0.5274843749999999,0.17551562500000004
15800,1.6739578125000003,0.2965703125,0.5291484375000001,0.17428124999999992
15900,1.6736968750000003,0.2963359375,0.5288203125,0.17484375000000002
16000,1.6712632812500003,0.29618749999999994,0.530375,0.1734375
16100,1.6728976562499995,0.29639843750000006,0.5291484375000001,0.17445312500000001
16200,1.6723992187500005,0.2967265625,0.5266484375000001,0.176625
16300,1.6702851562499994,0.29558593750000006,0.5302265624999999,0.17418749999999997
16400,1.6687687499999997,0.29460156249999997,0.5320703124999999,0.173328125
16500,1.6674765625,0.2941874999999999,0.5342421875,0.17157031249999996
16600,1.6628718749999998,0.29306249999999995,0.5383359374999999,0.16860156249999997
16700,1.6579445312500007,0.2900156250000001,0.540671875,0.16931250000000006
16800,1.6547070312499998,0.28843750000000007,0.5424296874999999,0.1691328125000001
16900,1.65215078125,0.287484375,0.5448359375,0.16767968749999998
17000,1.6497765625,0.28593750000000007,0.5438046874999997,0.17025781249999997
17100,1.6476164062499998,0.28494531249999994,0.545140625,0.1699140625
17200,1.6435945312500002,0.2838046875,0.5474375,0.16875781250000002
17300,1.6420992187500003,0.28324218749999996,0.5477890624999998,0.16896874999999997
17400,1.6427203124999998,0.28289843749999993,0.5482734374999999,0.16882812499999997
17500,1.6384546875000003,0.28073437500000004,0.551625,0.16764062500000002
17600,1.6359007812499995,0.278796875,0.5514921875,0.1697109375
17700,1.6326703125000002,0.277046875,0.5536562500000001,0.169296875
17800,1.6302999999999999,0.2761875,0.5547812499999999,0.16903124999999997
17900,1.62713203125,0.27420312500000005,0.5572421875000002,0.16855468749999994
18000,1.6243273437500003,0.27308593749999993,0.5571171874999999,0.169796875
18100,1.6233492187499994,0.2723750000000001,0.5562109375000002,0.17141406250000005
18200,1.6215585937499997,0.27106250000000004,0.5581250000000002,0.17081250000000003
18300,1.6232820312499994,0.2725390625,0.5575078124999999,0.16995312500000007
18400,1.6253585937499995,0.27322656249999994,0.5558828125000002,0.17089062500000002
18500,1.62815234375,0.2744453125,0.553515625,0.1720390625
18600,1.628071875000001,0.2752890624999999,0.5556562499999999,0.16905468749999994
18700,1.6262835937499998,0.27521874999999996,0.5563515625,0.1684296875
18800,1.6242234375,0.2748203125000001,0.5591406250000002,0.1660390625
18900,1.6256187499999997,0.2760234375,0.5586640625000001,0.1653125
19000,1.6264281250000001,0.2754921875,0.5579765624999998,0.16653125
19100,1.6240476562500006,0.27510156250000006,0.55990625,0.16499218750000005
19200,1.6252171874999999,0.27428125000000003,0.5568515625,0.16886718750000002
19300,1.62714453125,0.27516406250000003,0.5559218750000001,0.16891406250000002
19400,1.6299195312499994,0.277125,0.5549453125000002,0.16792968750000006
19500,1.6285359375000006,0.277265625,0.5566953125,0.16603906249999997
19600,1.6250296874999992,0.2758125,0.5589453125,0.16524218749999994
19700,1.6220976562500005,0.27344531250000004,0.5597187499999998,0.16683593750000003
19800,1.6199578124999998,0.27233593749999996,0.5607265625,0.16693750000000002
19900,1.62135546875,0.27267968749999993,0.5597265625000001,0.16759375
20000,1.6248703124999997,0.274875,0.5579921875000001,0.16713281249999995
20100,1.625059375,0.2753671875000001,0.5572265625000001,0.16740625
20200,1.6271109374999995,0.2750937500000001,0.5555390625,0.16936718750000004
20300,1.6274000000000002,0.2753437500000001,0.554703125,0.16995312500000007
20400,1.6250132812499998,0.2733359375,0.55515625,0.17150781249999997
20500,1.62354453125,0.27290625,0.5582968750000001,0.16879687500000004
20600,1.6237882812500002,0.273796875,0.5586718749999999,0.16753125
20700,1.6209109375,0.27314843750000006,0.5610625,0.1657890625
20800,1.6170492187499992,0.27214843750000006,0.5642265624999998,0.16362500000000002
20900,1.61640390625,0.2712500000000001,0.5627890624999999,0.16596093750000007
21000,1.6181007812500003,0.270640625,0.5605468750000001,0.16881250000000003
21100,1.61761171875,0.27065625000000004,0.5606953125000002,0.1686484375
21200,1.6156867187500001,0.270984375,0.5627578125,0.1662578125
21300,1.6179484375000006,0.27215625000000004,0.5627890624999999,0.16505468750000005
21400,1.6184742187499999,0.27323437500000003,0.5625,0.16426562500000003
21500,1.619096875,0.2735625000000001,0.5626796875000002,0.16375781250000002
21600,1.6175890624999993,0.2722421875,0.5641484375000001,0.16360937500000003
21700,1.6185078125000003,0.2727734375,0.5637734375,0.16345312499999998
21800,1.6155078125,0.2706953125,0.56403125,0.16527343749999998
21900,1.6142898437500006,0.2702343750000001,0.5636562500000002,0.16610937499999995
22000,1.6115859375,0.26850000000000007,0.5664687499999999,0.16503124999999996
22100,1.61054453125,0.2678203125,0.56603125,0.16614843750000002
22200,1.6113046875,0.26854687499999996,0.5656015624999999,0.16585156249999994
22300,1.6126289062499999,0.2688281250000001,0.5639765624999997,0.1671953125
22400,1.6123914062500004,0.26794531250000003,0.56509375,0.16696093750000002
22500,1.6123,0.2683515625,0.5649531249999998,0.16669531249999997
22600,1.6122617187500003,0.268421875,0.5654296875,0.1661484374999999
22700,1.6124703125000004,0.268234375,0.5654843749999999,0.1662812500000001
22800,1.61203203125,0.2675937499999999,0.5646796875000002,0.16772656249999998
22900,1.61143515625,0.26792187500000003,0.5664375000000001,0.16564062500000004
23000,1.6132968749999999,0.26827343749999993,0.5635000000000002,0.16822656250000004
23100,1.6129664062499998,0.268328125,0.564625,0.167046875
23200,1.6136414062499995,0.2694921875,0.5653046875,0.165203125
23300,1.6128867187500002,0.2684375,0.5665078125000002,0.1650546875
23400,1.6112359374999998,0.2689218749999999,0.5674921874999997,0.16358593750000003
23500,1.6109320312500008,0.2692890625,0.5686796874999999,0.16203125
23600,1.6126718750000004,0.26864843750000006,0.5673124999999998,0.16403906250000003
23700,1.61319296875,0.27027343749999994,0.5669609375000001,0.16276562499999994
23800,1.6136296875000005,0.27021875000000006,0.5666406250000002,0.163140625
23900,1.6120242187499998,0.26930468750000003,0.56709375,0.16360156250000002
24000,1.61622734375,0.270984375,0.5632343750000001,0.16578124999999996
24100,1.6189210937500003,0.2718203125,0.5601328125,0.16804687499999998
24200,1.6220804687500003,0.2724296875000001,0.55621875,0.17135156250000003
24300,1.62596171875,0.2738671875,0.553796875,0.1723359375
24400,1.6268320312499998,0.2745078125,0.5533046875,0.17218750000000002
24500,1.6269476562499996,0.27534375,0.5541875000000002,0.17046875000000003
24600,1.6285390625000002,0.27551562500000004,0.5543124999999999,0.17017187499999997
24700,1.6290031249999999,0.27629687499999994,0.5536093749999998,0.17009375000000007
24800,1.6284640624999995,0.27584374999999994,0.5552890625,0.1688671874999999
24900,1.6280867187499994,0.275046875,0.55509375,0.169859375
25000,1.62542578125,0.2734765625,0.5559296875,0.17059375000000002
25100,1.6248531250000002,0.27270312500000005,0.5551718750000001,0.17212500000000008
25200,1.6222164062499997,0.2728046875,0.5582968749999999,0.16889843749999997
25300,1.6219031249999996,0.27240625,0.5568437500000001,0.17075
25400,1.6223515625000007,0.27146093750000005,0.5562421875,0.17229687499999996
25500,1.6204226562499997,0.27136718750000005,0.559765625,0.16886718750000002
25600,1.6189976562499995,0.27140625,0.5604531249999997,0.16814062500000002
25700,1.6191203125000002,0.2711015625000001,0.5609375,0.1679609375
25800,1.6223171874999995,0.27260156250000006,0.5579140625,0.169484375
25900,1.6252414062500002,0.27453125,0.5573984375,0.1680703125
26000,1.6270453125,0.27549999999999997,0.5566640625000001,0.16783593750000006
26100,1.6258968750000005,0.2751796875,0.5582265625,0.16659374999999996
26200,1.6236984374999999,0.273765625,0.5602968749999999,0.16593750000000002
26300,1.6198609374999997,0.2713984375,0.5616015625,0.16699999999999998
26400,1.6191078125000005,0.2709140625,0.5612812500000002,0.16780468750000002
26500,1.6222382812500002,0.27267187499999995,0.5602890625000002,0.16703906250000003
26600,1.62343984375,0.2742109375,0.5597187499999998,0.16607031250000007
26700,1.6259062499999997,0.274984375,0.5566484374999999,0.1683671875
26800,1.6263757812500006,0.2743046875,0.5559296875,0.16976562500000006
26900,1.62846640625,0.2758046875,0.5565390625000001,0.16765625000000003
27000,1.6286554687500003,0.2764140625000001,0.556546875,0.16703906249999997
27100,1.6297320312499997,0.27677343749999983,0.5567656249999999,0.1664609374999999
27200,1.6304281250000001,0.27670312499999994,0.5559140624999998,0.16738281250000003
27300,1.62820546875,0.27714843749999996,0.5587968749999997,0.16405468749999996
27400,1.6281742187500008,0.2763671875,0.5586953124999999,0.16493750000000004
27500,1.6257414062499997,0.2761640624999999,0.56184375,0.1619921875
27600,1.6260390625000005,0.2758437500000001,0.5598046874999999,0.16435156250000002
27700,1.6282132812500003,0.27625000000000005,0.5562109375,0.16753906250000003
27800,1.6319445312500005,0.2764921875,0.5529921874999999,0.170515625
27900,1.6330335937500007,0.277671875,0.5515312499999999,0.17079687500000001
28000,1.63645,0.27884375,0.5483593749999999,0.17279687499999996
28100,1.6370492187499999,0.2794375,0.5491249999999999,0.1714375
28200,1.6390171875,0.2803124999999999,0.5467109375000001,0.17297656249999996
28300,1.64080625,0.2810703125,0.546046875,0.17288281249999995
28400,1.6409765624999997,0.280234375,0.54678125,0.172984375
28500,1.642996874999999,0.2816796875000001,0.5465390625,0.17178124999999997
28600,1.6459085937499995,0.28440625,0.5450078124999999,0.1705859375
28700,1.64702890625,0.28508593749999994,0.5463359375,0.16857812500000005
28800,1.6503070312500001,0.28607031250000015,0.5426874999999999,0.17124218750000003
28900,1.650929687499999,0.2868437500000002,0.5427421874999998,0.17041406250000007
29000,1.6518484374999995,0.2868359375,0.5415390625000001,0.17162499999999994
29100,1.65691796875,0.28752343750000003,0.5367968750000001,0.17567968750000001
29200,1.659890625,0.2886484375,0.5338359374999999,0.177515625
29300,1.6611062499999998,0.28904687500000004,0.5326718750000001,0.17828124999999997
29400,1.6615664062499995,0.2898671875000001,0.5355468749999999,0.17458593749999998
29500,1.6624648437499998,0.2898359375,0.5349921875,0.17517187500000006
29600,1.6609476562499994,0.2908515625,0.5374609375,0.17168749999999997
29700,1.65922421875,0.2896953125000001,0.5379765625000001,0.17232812500000003
29800,1.6591578125000008,0.2891406249999999,0.5377343750000001,0.17312500000000003
29900,1.6598078124999995,0.2900625,0.5381640624999999,0.17177343749999996
30000,1.65834765625,0.28865625000000006,0.5384999999999999,0.17284375
30100,1.655615625,0.2878984375,0.54090625,0.17119531249999995
30200,1.6523265624999997,0.28730468750000004,0.5451953125000001,0.1675
30300,1.6499140625000004,0.28666406249999987,0.545671875,0.16766406250000002
30400,1.6492546875,0.28647656250000003,0.5456015624999997,0.16792187500000003
30500,1.6474484375000003,0.2855781249999999,0.5459921875,0.16842968749999998
30600,1.6470007812499998,0.28555468750000007,0.5465937499999999,0.1678515625
30700,1.6482359374999997,0.28661718750000004,0.5457734374999997,0.167609375
30800,1.6457046875000003,0.2852421875,0.5474921874999998,0.16726562499999997
30900,1.6434765624999992,0.2838203125,0.5484375000000001,0.16774218749999995
31000,1.64297734375,0.282890625,0.5485859375000002,0.1685234375
31100,1.6428054687499998,0.28278906249999997,0.5493750000000001,0.16783593749999992
31200,1.6436726562499997,0.283125,0.5476249999999999,0.16924999999999998
31300,1.6452156250000003,0.2836640625000001,0.5450156250000002,0.17132031250000002
31400,1.646190625,0.28453125,0.5444921875000001,0.17097656250000004
31500,1.6486273437500003,0.2854687500000001,0.542171875,0.17235937499999993
31600,1.6498046875,0.2859843749999999,0.5423515624999998,0.17166406250000005
31700,1.6508062500000003,0.2866953125,0.5419062500000001,0.17139843749999997
31800,1.6510070312500005,0.28796093750000007,0.5420156250000001,0.17002343749999999
31900,1.6517460937499997,0.28825000000000006,0.5423281250000002,0.16942187499999994
32000,1.6506992187500005,0.2891250000000001,0.5440546874999999,0.16682031249999996
32100,1.6486125,0.288421875,0.5461249999999999,0.16545312499999998
32200,1.651328125,0.2883671875,0.5447109374999999,0.166921875
32300,1.65447734375,0.2888437499999999,0.5420468749999998,0.16910937500000003
32400,1.6543359374999997,0.28974999999999995,0.5437734375,0.16647656249999992
32500,1.65252421875,0.289453125,0.5452187499999998,0.165328125
32600,1.653234375,0.29028125,0.5441953124999999,0.1655234375
32700,1.6518421875000002,0.2897578124999999,0.5449765624999999,0.16526562499999997
32800,1.6501406250000006,0.2881328125,0.5452187499999998,0.16664843750000002
32900,1.6480375,0.2866406249999999,0.5457968750000001,0.16756249999999998
33000,1.64758984375,0.285359375,0.5447812499999999,0.169859375
33100,1.6455062499999995,0.2840000000000001,0.5445390625000001,0.1714609375
33200,1.6426218749999997,0.2836484375,0.5460624999999999,0.17028906249999998
33300,1.6437078125000004,0.28303125,0.5463359375,0.17063281250000004
33400,1.64508515625,0.284109375,0.5454218749999998,0.17046875000000006
33500,1.6457070312499997,0.28520312499999995,0.5457500000000002,0.169046875
33600,1.64774140625,0.28690625,0.5443906249999999,0.16870312499999995
33700,1.650253125,0.28840625000000003,0.5436484374999998,0.16794531250000008
33800,1.649809375,0.2885468749999999,0.5442890625000001,0.1671640625
33900,1.6494484375000003,0.28796874999999994,0.5447968750000001,0.16723437500000002
34000,1.6476921874999997,0.2875234375,0.5476875,0.16478906249999997
34100,1.6481687499999997,0.28677343750000006,0.5455781249999999,0.1676484375
34200,1.6480906249999998,0.287390625,0.5462109375,0.1663984375
34300,1.6492890625,0.28690625,0.5438515625,0.16924218750000003
34400,1.6482531249999999,0.2855390625,0.5430703125,0.17139062500000002
34500,1.64614296875,0.2849609375,0.5455781249999998,0.1694609375
34600,1.6448398437499998,0.2848515625,0.5473125,0.16783593750000003
34700,1.6456382812500003,0.2841953125,0.5447812500000001,0.17102343750000001
34800,1.64531484375,0.2832421875,0.5429765624999998,0.17378125
34900,1.64500703125,0.283203125,0.5427734375,0.1740234374999999
35000,1.6428539062500003,0.28228906249999985,0.5441953125,0.17351562499999998
35100,1.6437531250000006,0.281953125,0.5438046875000002,0.1742421875
35200,1.64484375,0.28271875,0.5431953124999999,0.17408593750000007
35300,1.6474445312500003,0.28347656250000003,0.5409453125000001,0.175578125
35400,1.6489437500000002,0.2840703125,0.5403515624999999,0.17557812499999997
35500,1.64841953125,0.28383593749999997,0.5397109375000001,0.17645312500000002
35600,1.65187265625,0.2865234375,0.539734375,0.17374218750000006
35700,1.6521570312500005,0.2852187500000001,0.5402343749999999,0.174546875
35800,1.6481546875,0.2834609374999999,0.5433046874999999,0.17323437500000002
35900,1.6467499999999995,0.28200000000000003,0.5435625000000001,0.1744374999999999
36000,1.6446492187499997,0.28159375,0.5449921874999999,0.17341406250000002
36100,1.6422046874999996,0.2810703125,0.546546875,0.17238281249999998
36200,1.64263515625,0.28087500000000004,0.54490625,0.17421874999999998
36300,1.6398359375,0.2793046875,0.546328125,0.1743671875
36400,1.6403578125000002,0.2791875,0.5461171875,0.1746953125
36500,1.63979921875,0.27985156249999993,0.5476328125000002,0.172515625
36600,1.6384374999999998,0.27940625,0.5488359374999999,0.17175781249999997
36700,1.6370976562500004,0.27865625000000005,0.5493046874999998,0.1720390625
36800,1.637792968749999,0.2795859375,0.5497109375,0.170703125
36900,1.6386796874999998,0.27906250000000005,0.5498515625,0.1710859375
37000,1.6376304687500005,0.27892968749999997,0.5515624999999997,0.16950781250000002
37100,1.6377125,0.2788515624999999,0.5498437499999999,0.1713046874999999
37200,1.6381257812499999,0.2796640625000001,0.5500468749999999,0.1702890625
37300,1.6378406250000002,0.28013281249999983,0.5487109374999999,0.17115625000000007
37400,1.6366515624999995,0.27830468750000004,0.5481484375000001,0.17354687499999996
37500,1.63381640625,0.27654687499999997,0.5505,0.17295312499999999
37600,1.6330304687500006,0.27687500000000004,0.55128125,0.17184375000000002
37700,1.62891953125,0.27574218750000007,0.5548984375000001,0.169359375
37800,1.6270015624999998,0.2740078125,0.5549062500000002,0.1710859375
37900,1.6258890624999995,0.27274218749999996,0.5549062500000002,0.17235156249999997
38000,1.6272671875000002,0.27217187499999995,0.5526718750000001,0.17515624999999999
38100,1.6271414062500003,0.27302343749999997,0.5523671874999999,0.1746093749999999
38200,1.6289312500000002,0.27373437500000003,0.5513671875000001,0.17489843750000003
38300,1.6295875000000002,0.27390625,0.5506640625,0.17542968750000004
38400,1.6305507812500004,0.27462500000000006,0.5496718749999998,0.17570312500000002
38500,1.6320781249999994,0.2752421875,0.550546875,0.17421093750000002
38600,1.6288242187500004,0.27339843750000004,0.5538359374999999,0.172765625
38700,1.6287531249999998,0.27382812499999987,0.5533281250000001,0.17284375
38800,1.6289281249999996,0.2738984375,0.5519843749999999,0.1741171875
38900,1.626015625,0.27340624999999996,0.5546093750000001,0.17198437500000008
39000,1.6234406249999995,0.2729765624999999,0.55553125,0.1714921875
39100,1.62145546875,0.27223437500000003,0.5573125000000001,0.17045312499999996
39200,1.620403125,0.2714765625,0.5578124999999998,0.1707109374999999
39300,1.62212109375,0.27190624999999996,0.5570390624999997,0.17105468750000002
39400,1.6249968750000001,0.27304687499999997,0.5542890625000002,0.17266406249999997
39500,1.6256703125,0.2730859375,0.5544609374999999,0.172453125
39600,1.6249875000000003,0.2730546875000001,0.5551484375000002,0.171796875
39700,1.6243914062500002,0.27229687500000005,0.5553984375000001,0.17230468750000003
39800,1.6206625000000008,0.27137500000000003,0.5598750000000001,0.16875
39900,1.6203656249999994,0.2711328125000001,0.55959375,0.1692734375
40000,1.6236500000000003,0.27249218750000004,0.5572656250000001,0.17024218749999998
40100,1.6254468750000006,0.2742109375,0.5558750000000001,0.16991406250000007
40200,1.6214249999999995,0.273625,0.5610859375,0.1652890625
40300,1.6179984375000005,0.27203125,0.5630156250000001,0.16495312500000003
40400,1.6159671874999997,0.2716562500000001,0.5629375,0.1654062499999999
40500,1.6173750000000002,0.27126562499999995,0.5621015624999998,0.16663281250000006
40600,1.6181070312499994,0.27135937499999996,0.5619062500000003,0.16673437500000002
40700,1.6170812500000002,0.27116406249999986,0.5629218749999997,0.16591406250000001
40800,1.6178429687500002,0.27151562500000004,0.5605000000000001,0.16798437499999996
40900,1.6181640625000004,0.27097656249999996,0.5610078125,0.168015625
41000,1.6202242187500002,0.2716953125,0.5591640625000001,0.16914062499999993
41100,1.6204484375000003,0.2706875,0.5577343750000001,0.171578125
41200,1.6190835937499997,0.27023437499999997,0.559078125,0.1706875
41300,1.6173445312500005,0.2695000000000001,0.5613828124999997,0.1691171875
41400,1.6158195312500003,0.2697265625000001,0.5629296874999999,0.16734374999999996
41500,1.61603671875,0.26933593749999996,0.56175,0.16891406250000002
41600,1.6174585937499997,0.270171875,0.5626406250000001,0.16718749999999996
41700,1.6181578125000005,0.2717500000000001,0.5610625,0.16718750000000004
41800,1.6216335937500004,0.2735234375000001,0.559640625,0.16683593750000006
41900,1.6238398437500008,0.27467187499999995,0.558640625,0.16668750000000002
42000,1.6294804687500006,0.27571874999999996,0.5538281249999999,0.17045312499999998
42100,1.6330859375000002,0.27682031249999994,0.55275,0.17042968749999998
42200,1.6350632812500003,0.2781406250000001,0.5516015624999999,0.17025781249999997
42300,1.63738203125,0.2792890625,0.5502968749999998,0.17041406250000005
42400,1.641003125,0.281125,0.5479140625,0.1709609374999999
42500,1.6442609375000004,0.2821953124999999,0.5455625,0.17224218749999995
42600,1.646459375,0.28284375000000006,0.5444140625,0.17274218749999998
42700,1.64594296875,0.28404687500000003,0.5448671875000002,0.17108593749999995
42800,1.6448781250000006,0.28255468749999996,0.5449062500000001,0.17253906249999992
42900,1.6464093750000008,0.28400781249999996,0.5458750000000001,0.1701171875
43000,1.6483828125000006,0.2861953125000001,0.5452265625,0.168578125
43100,1.6508960937499997,0.28622656250000006,0.5425312499999999,0.1712421875
43200,1.6533890624999998,0.288203125,0.542875,0.16892187499999992
43300,1.6543085937500006,0.28930468749999994,0.5419296875,0.16876562499999997
43400,1.65536484375,0.2893359375,0.5411562500000001,0.16950781249999997
43500,1.6550890624999992,0.28863281249999995,0.5398593749999998,0.17150781250000005
43600,1.6561296874999998,0.28853906250000005,0.5376796875,0.17378125000000008
43700,1.6564992187499998,0.28932812499999994,0.5374296875000003,0.17324218749999998
43800,1.6604101562500004,0.29049218750000005,0.5369453124999999,0.1725625
43900,1.6640976562499998,0.292796875,0.5336249999999999,0.17357812499999997
44000,1.6651046875000002,0.2932421875000001,0.5345859374999998,0.172171875
44100,1.6672195312500004,0.29439843750000005,0.53371875,0.1718828125
44200,1.6654820312500007,0.2931640625,0.5341875000000001,0.17264843750000003
44300,1.6629507812500002,0.29176562500000003,0.5350390624999998,0.17319531249999995
44400,1.6614632812500005,0.2910781249999999,0.5362421875,0.17267968749999996
44500,1.6611015625,0.290828125,0.53525,0.17392187499999998
44600,1.6612226562499999,0.2907109375000001,0.5354453124999999,0.17384375
44700,1.6632921875,0.2915312499999999,0.53409375,0.17437500000000006
44800,1.66186015625,0.2908984375,0.5358125,0.17328906250000004
44900,1.6615249999999997,0.29003124999999996,0.534734375,0.17523437499999997
45000,1.6620992187500006,0.290875,0.5352421875,0.1738828125000001
45100,1.6635687500000003,0.29144531250000005,0.5350625,0.1734921875
45200,1.6638890624999998,0.2926796875,0.5346718750000001,0.17264843750000003
45300,1.6632828124999999,0.292421875,0.5339375,0.17364062500000002
45400,1.663946875,0.29299218749999995,0.5331796875,0.17382812500000003
45500,1.6641000000000006,0.29264843749999997,0.5326328125000002,0.17471875000000006
45600,1.6649062500000007,0.29284374999999996,0.5321953125000002,0.17496093749999997
45700,1.6704453124999998,0.295765625,0.52715625,0.17707812499999998
45800,1.671971875,0.2969687499999999,0.5290624999999999,0.17396875
45900,1.6721367187500003,0.2976953125000002,0.5296328124999999,0.17267187499999995
46000,1.6717546874999998,0.2973203125,0.5307265624999998,0.17195312500000004
46100,1.6696171875000003,0.2968046875,0.5334609375000001,0.169734375
46200,1.6676601562500004,0.2953984374999999,0.5349843750000002,0.16961718750000002
46300,1.6662390624999994,0.294625,0.53603125,0.16934375
46400,1.6646671875,0.29352343750000004,0.5365546874999999,0.16992187499999992
46500,1.6615960937499998,0.2929921875,0.538734375,0.16827343749999998
46600,1.6604640624999998,0.292625,0.5397421875000001,0.1676328125
46700,1.65846796875,0.2915468749999999,0.5411171875,0.16733593750000003
46800,1.65791328125,0.2912812500000001,0.5400156250000001,0.16870312500000006
46900,1.6582601562499997,0.29007812499999996,0.5391718750000002,0.17075000000000004
47000,1.65696875,0.28940625,0.5408046875,0.16978906249999998
47100,1.6554109375,0.2889453124999999,0.5418828125,0.169171875
47200,1.6539828124999993,0.288484375,0.5436484375000001,0.16786718750000001
47300,1.6550671875,0.2898125,0.5441796875,0.1660078125
47400,1.6557281250000004,0.29059375000000004,0.542765625,0.16664062500000001
47500,1.65413046875,0.2900468749999999,0.5432031250000001,0.16674999999999998
47600,1.6532312500000002,0.28803125,0.54290625,0.16906249999999995
47700,1.6531906250000004,0.28846875,0.5442968749999999,0.16723437500000002
47800,1.6538195312500001,0.28921875,0.5440703124999999,0.16671093750000002
47900,1.6521210937500002,0.2887578125000002,0.54559375,0.16564843750000002
48000,1.6476820312500002,0.28677343750000006,0.5473906249999999,0.1658359375
48100,1.6446984375000007,0.28528125000000004,0.5477421874999999,0.1669765625
48200,1.6452304687499995,0.2853984375000001,0.5499921875,0.16460937499999997
48300,1.6468359375000003,0.2853984375,0.5470703125,0.16753125000000005
48400,1.6447742187499994,0.2844453125,0.5478281250000001,0.16772656250000004
48500,1.6447382812500009,0.28418750000000004,0.5460937500000002,0.16971875
48600,1.6456992187499995,0.28389843750000004,0.5434765624999999,0.17262500000000003
48700,1.64734609375,0.2849531249999999,0.5423359375,0.17271093750000002
48800,1.6502406250000006,0.28585156250000004,0.5414531249999999,0.1726953125
48900,1.6553984375000004,0.2881171875,0.5379687499999999,0.1739140625
49000,1.6587328125,0.28921093749999993,0.5350781250000001,0.17571093750000003
49100,1.6616437499999992,0.29032031250000007,0.5334609375000001,0.17621875
49200,1.6631195312499991,0.29132812499999994,0.5338906249999997,0.17478125
49300,1.6642679687500002,0.2913125,0.5303203125000002,0.1783671875
49400,1.6650812500000007,0.29140625000000003,0.5295156249999998,0.17907812499999992
49500,1.6643914062499992,0.29115625,0.5313046875000002,0.17753906250000007
49600,1.66566171875,0.2921484375000001,0.532,0.17585156250000006
49700,1.6679789062500003,0.29365625000000006,0.5306328124999997,0.17571093749999994
49800,1.6693757812499999,0.294265625,0.531234375,0.17449999999999993
49900,1.668764062499999,0.29465625000000006,0.5311953125,0.17414843749999995
50000,1.6691578125000004,0.2956171875000001,0.5320624999999999,0.17232031250000007
50100,1.6678882812500004,0.2952265625,0.5329765624999999,0.171796875
50200,1.6664070312500003,0.294890625,0.53475,0.17035937499999995
50300,1.6653203125000002,0.2948359375,0.5365156250000002,0.1686484375
50400,1.6647484375000001,0.29482031249999996,0.537203125,0.1679765625
50500,1.66553046875,0.29546874999999995,0.5368828124999998,0.1676484374999999
50600,1.6662070312499992,0.295703125,0.5361484375,0.1681484375
50700,1.6661460937499997,0.29567187500000003,0.5355781249999998,0.16874999999999996
50800,1.6652921874999997,0.29487500000000016,0.5359921874999999,0.16913281249999992
50900,1.6616085937500005,0.2926171875000001,0.5383906250000001,0.16899218750000006
51000,1.6580406250000002,0.29184375000000007,0.5409843750000001,0.16717187500000005
51100,1.65597734375,0.290546875,0.5431718750000002,0.16628125
51200,1.6543445312499998,0.2891875,0.5413437500000002,0.16946875
51300,1.65707890625,0.29033593750000003,0.5390078125000002,0.17065625000000006
51400,1.6571210937500003,0.28996093749999996,0.536578125,0.1734609375
51500,1.6599328125000004,0.28992187499999994,0.5337812499999999,0.17629687499999994
51600,1.6600187499999997,0.2908515624999999,0.5329999999999997,0.1761484375
51700,1.6645218750000008,0.2922031249999999,0.52971875,0.17807812499999995
51800,1.6664585937499996,0.2932265625000001,0.5277343750000001,0.17903906250000004
51900,1.6694812500000002,0.2945000000000001,0.5268125,0.17868750000000005
52000,1.67383671875,0.296390625,0.52446875,0.179140625
52100,1.6767578125000009,0.29917968750000007,0.5253437500000001,0.17547656249999996
52200,1.6803687500000006,0.301390625,0.52303125,0.17557812499999995
52300,1.6830312499999998,0.3028828124999999,0.522671875,0.17444531249999995
52400,1.6826726562499998,0.3030078124999999,0.5238750000000001,0.17311718750000002
52500,1.6790523437499996,0.30143749999999997,0.5266718749999999,0.171890625
52600,1.6784320312499994,0.301578125,0.5281328125,0.17028906249999998
52700,1.67815859375,0.30136718749999997,0.5263984375,0.172234375
52800,1.6785515625,0.30072656250000007,0.5273671875000001,0.17190625
52900,1.6780585937500003,0.3005703125,0.5287578125000001,0.17067187499999997
53000,1.6789125,0.301796875,0.5292968750000001,0.16890625000000006
53100,1.6791359375000003,0.3022578124999999,0.5298281250000002,0.16791406250000004
53200,1.6759203124999995,0.30087500000000006,0.5322265625,0.1668984375
53300,1.6736523437499997,0.29973437499999994,0.532734375,0.16753124999999994
53400,1.6730304687499997,0.29939062499999997,0.5329843750000001,0.16762499999999997
53500,1.6725640625000007,0.2987968749999999,0.5330156250000001,0.16818750000000002
53600,1.6717726562499997,0.297359375,0.5321640625,0.17047656249999998
53700,1.6694578125,0.29522656249999996,0.5340078125,0.17076562499999995
53800,1.66585625,0.2944296875,0.534890625,0.17067968750000004
