step,mean_aspect_ratio,fraction_elongated,fraction_round,fraction_binary
100,1.0,0.0,1.0,0.0
200,1.2640062500000004,0.024421874999999996,0.4371250000000001,0.5384531250000001
300,1.3215687499999995,0.056671875,0.43773437499999995,0.50559375
400,1.3650789062500002,0.08628906250000001,0.4627578125,0.45095312499999995
500,1.3986046874999998,0.11242968750000001,0.4936328124999998,0.3939375
600,1.4296437499999997,0.13675781250000002,0.5190937499999998,0.3441484375
700,1.4559101562499999,0.15740624999999994,0.5390624999999999,0.30353125
800,1.4821234375000003,0.17621874999999995,0.5467812500000001,0.277
900,1.50334296875,0.19214062500000006,0.5535078125000003,0.2543515624999999
1000,1.5232101562500002,0.20730468750000003,0.5558906249999999,0.23680468749999997
1100,1.5406,0.21979687499999995,0.5580703124999999,0.22213281250000005
1200,1.5596335937499994,0.23114843749999994,0.5534296875000001,0.21542187499999993
1300,1.5754312499999996,0.24128906249999998,0.5491484375000001,0.20956250000000007
1400,1.5898187499999998,0.24994531250000002,0.5450468749999999,0.20500781249999997
1500,1.60059296875,0.25753906249999997,0.5424921875000001,0.19996875000000006
1600,1.61459375,0.2661953125,0.53840625,0.19539843750000002
1700,1.6288093750000001,0.2743515624999999,0.5327968750000001,0.1928515625
1800,1.6400343749999995,0.2800156250000001,0.5276484375,0.19233593750000003
1900,1.65102109375,0.2858046875000001,0.5227734375,0.19142187500000002
2000,1.66512890625,0.293296875,0.5155312499999999,0.191171875
2100,1.67297890625,0.2981640625000001,0.5119687499999999,0.1898671875
2200,1.6806062499999992,0.30139062499999997,0.5078828125000001,0.19072656250000006
2300,1.6905218750000004,0.30684375,0.5021015624999999,0.1910546875
2400,1.6973882812499996,0.3096953125,0.4997656250000001,0.19053906249999997
2500,1.7064,0.31428906249999994,0.4944921875,0.19121874999999994
2600,1.7106828124999998,0.31864843750000005,0.4938906250000001,0.1874609375
2700,1.7155515625000002,0.32081250000000017,0.4910781249999999,0.18810937500000005
2800,1.72010703125,0.3234531250000002,0.48942187499999995,0.18712500000000007
2900,1.7242335937500006,0.3265078124999999,0.48780468750000006,0.18568749999999995
3000,1.7303648437499999,0.32894531250000003,0.48304687500000004,0.18800781250000004
3100,1.7392187499999998,0.332890625,0.4779062499999999,0.18920312500000003
3200,1.7450226562500004,0.3356875,0.47360156250000013,0.1907109375
3300,1.7498281250000003,0.337296875,0.47316406249999987,0.18953906250000002
3400,1.7536250000000004,0.3395234375,0.47145312500000003,0.18902343749999997
3500,1.7553085937500006,0.3425859375000001,0.4726640625000001,0.18474999999999997
3600,1.7593125,0.3449921875,0.4709765624999998,0.18403124999999992
3700,1.7630625,0.3478046875,0.4694765625,0.18271875
3800,1.7669531250000001,0.35032812499999993,0.4693515624999999,0.18032031250000002
3900,1.769032812500001,0.3513906250000001,0.46956250000000005,0.179046875
4000,1.7732625,0.3540000000000001,0.46645312499999997,0.17954687500000005
4100,1.77740078125,0.3560703125,0.4636718749999999,0.18025781250000003
4200,1.7773367187499995,0.3547578124999999,0.4635312500000001,0.18171093750000003
4300,1.7795328124999996,0.3559687499999999,0.4616718750000001,0.18235937500000005
4400,1.7854921875000005,0.3583984375,0.45629687500000005,0.18530468749999998
4500,1.7916273437500003,0.3608984375,0.4514687500000001,0.18763281249999997
4600,1.79697890625,0.3635078125,0.44739062499999993,0.18910156250000007
4700,1.8009953125000002,0.3643203125000002,0.4463203124999998,0.18935937499999997
4800,1.8043742187499994,0.3665390624999998,0.4468984374999998,0.18656249999999996
4900,1.8048890625,0.36725000000000013,0.44685156249999985,0.18589843750000007
5000,1.806353125,0.3678125,0.445640625,0.186546875
5100,1.8093171875,0.36935156249999995,0.443203125,0.18744531249999993
5200,1.81245390625,0.3724765625000001,0.4412812500000002,0.18624218750000007
5300,1.8108781250000006,0.37136718750000003,0.44265625,0.18597656250000003
5400,1.8151382812499994,0.3739375000000001,0.44299999999999995,0.18306250000000002
5500,1.8158468749999999,0.3751015624999999,0.4432968749999999,0.18160156249999998
5600,1.8138609375,0.3739843750000002,0.4430703125000001,0.18294531249999996
5700,1.81500078125,0.37381250000000005,0.4431796875000002,0.18300781250000003
5800,1.8133226562500004,0.37375781249999995,0.4457656250000001,0.1804765625
5900,1.8115171875000002,0.3729140625000001,0.4475156250000001,0.1795703124999999
6000,1.8106328125000002,0.3716796875,0.4463515624999999,0.18196875000000004
6100,1.8115109374999996,0.3724296875,0.44739062500000004,0.18017968750000002
6200,1.8135906250000002,0.37403124999999987,0.44551562499999997,0.180453125
6300,1.81680625,0.3748828125000001,0.4423671874999999,0.18275
6400,1.8185648437500006,0.37609375,0.4423125000000001,0.18159375000000003
6500,1.8203484375000007,0.37723437500000007,0.4402421875,0.1825234375
6600,1.8236718750000003,0.3792343749999999,0.4391015625,0.1816640625
6700,1.82893671875,0.38051562499999997,0.4349609375,0.1845234375
6800,1.8323859374999993,0.38190624999999995,0.43202343749999983,0.1860703125
6900,1.8357562499999993,0.38335937500000006,0.42928125,0.187359375
7000,1.8375234375000007,0.38435156250000013,0.42928906250000004,0.18635937500000002
7100,1.83998515625,0.38604687500000007,0.4294609375000001,0.18449218750000004
7200,1.8419156250000002,0.38650000000000007,0.42895312500000005,0.18454687499999997
7300,1.8398335937500003,0.38585937500000006,0.42990625,0.18423437500000003
7400,1.83718125,0.38544531249999997,0.43093749999999986,0.1836171875
7500,1.8366218749999998,0.3845859375,0.43122656249999997,0.1841875
7600,1.8384632812499997,0.38572656249999987,0.4312734375,0.18299999999999997
7700,1.8416203124999997,0.3872265624999999,0.42807031249999994,0.18470312500000002
7800,1.84604296875,0.3902890624999999,0.4260234375000001,0.18368750000000003
7900,1.85044296875,0.3925859375000001,0.42321093749999994,0.18420312499999997
8000,1.8517976562499996,0.39289062500000005,0.42221875,0.184890625
8100,1.8546187499999998,0.3936796875000001,0.41926562499999986,0.18705468749999996
8200,1.85638671875,0.39337500000000003,0.4170078125000001,0.1896171875
8300,1.8575390625000001,0.3945859374999999,0.41751562499999995,0.18789843750000002
8400,1.8576367187499991,0.3950312499999999,0.41657031250000015,0.18839843750000004
8500,1.85953984375,0.395609375,0.414515625,0.18987500000000002
8600,1.861834375,0.3966953124999999,0.41510937499999995,0.18819531250000004
8700,1.86587109375,0.3975625000000001,0.41215625,0.19028124999999996
8800,1.8651921875000002,0.39670312500000005,0.41373437499999993,0.18956250000000005
8900,1.8651070312500004,0.3979765625000001,0.415015625,0.18700781249999995
9000,1.8635078125000002,0.3985781250000001,0.4193046875,0.18211718750000006
9100,1.8628820312499998,0.39921093750000003,0.4190937500000001,0.18169531250000004
9200,1.8660515625,0.40065625000000016,0.4167734375,0.1825703125
9300,1.866984375,0.4008281249999999,0.4172343750000001,0.18193750000000006
9400,1.8682968750000002,0.40189843750000004,0.41521874999999986,0.18288281249999994
9500,1.8664828125000004,0.40110937499999993,0.4160703124999998,0.18282031250000008
9600,1.8649757812500003,0.40054687499999997,0.4178515625,0.18160156250000006
9700,1.8632898437500003,0.4009765625,0.4188046875,0.18021875
9800,1.86501328125,0.40216406249999986,0.41701562500000006,0.1808203125
9900,1.86541328125,0.4010312500000001,0.41610156249999986,0.1828671875
10000,1.8680773437499998,0.401171875,0.4127343750000001,0.18609374999999997
10100,1.8705515625,0.4016406250000001,0.41048437500000007,0.18787500000000001
10200,1.8699828124999998,0.4017109375,0.41210937499999994,0.18617968750000002
10300,1.87207734375,0.4034687499999998,0.41140625,0.18512500000000004
10400,1.8767703125000006,0.4067343750000001,0.40856249999999994,0.18470312500000002
10500,1.8812664062499997,0.4087265624999999,0.4056640624999999,0.18560937499999997
10600,1.8863523437499996,0.40998437500000007,0.40236718749999983,0.18764843750000004
10700,1.8881664062500005,0.41120312500000006,0.40117187499999996,0.187625
10800,1.8885109374999998,0.4118437500000001,0.40265625000000005,0.18549999999999994
10900,1.8899843750000003,0.412375,0.4019609375000001,0.18566406249999998
11000,1.8878453124999999,0.4107578125,0.40396093750000006,0.18528124999999998
11100,1.884471875,0.4090078125,0.40575,0.18524218750000004
11200,1.8830765625000008,0.4079062500000002,0.40553125,0.18656250000000005
11300,1.8819718750000007,0.40823437500000004,0.40678125000000004,0.18498437499999998
11400,1.87968203125,0.4066484374999999,0.40767968749999983,0.185671875
11500,1.8768953125000005,0.40571874999999985,0.4100624999999999,0.18421875000000007
11600,1.8771664062499998,0.40646093749999995,0.4087578125,0.18478125
11700,1.87571484375,0.40537500000000004,0.40985937499999997,0.18476562499999993
11800,1.8762429687500002,0.40512499999999996,0.4097265625000001,0.1851484375
11900,1.875496875,0.40498437500000006,0.4120859375,0.18292968750000002
12000,1.8782765625000004,0.40702343750000003,0.41140625000000003,0.18157031250000008
12100,1.8799812500000002,0.40861718750000003,0.41201562499999994,0.1793671875
12200,1.8804726562500003,0.4103984374999999,0.4125546875,0.177046875
12300,1.8779515625,0.40996875,0.41442187500000005,0.175609375
12400,1.87801796875,0.4098671874999999,0.41337500000000005,0.17675781250000006
12500,1.8772507812500003,0.41055468749999996,0.4137499999999999,0.17569531250000003
12600,1.8802914062499996,0.4122187500000002,0.4134921875,0.17428906249999995
12700,1.8790195312499993,0.4111406249999999,0.41440624999999986,0.1744531249999999
12800,1.8762773437500002,0.40932031249999995,0.4154453125,0.17523437500000003
12900,1.8772867187500006,0.408796875,0.41428906249999986,0.17691406250000005
13000,1.8766843749999997,0.4086328124999999,0.4144687500000001,0.17689843749999998
13100,1.8778492187500002,0.4083203125,0.41124218749999997,0.1804375
13200,1.8821796875000003,0.41010937499999983,0.4068203124999999,0.18307031250000003
13300,1.8862718750000003,0.41119531250000013,0.4056718750000001,0.18313281250000005
13400,1.8903960937499995,0.412265625,0.4013437499999999,0.186390625
13500,1.8886648437499998,0.4108046875,0.4021093750000001,0.18708593749999997
13600,1.8891492187499999,0.41178906249999986,0.4015703125000001,0.18664062500000006
13700,1.8887421874999994,0.4112968749999999,0.4021015625,0.18660156250000004
13800,1.8872687499999998,0.4094374999999999,0.4041562499999999,0.18640624999999994
13900,1.8872539062500002,0.41013281250000005,0.4050625000000001,0.18480468750000006
14000,1.88625390625,0.4109296874999999,0.40631250000000013,0.18275781249999995
14100,1.8839249999999998,0.4093984375,0.40845312500000003,0.18214843749999998
14200,1.8817945312499993,0.40833593750000013,0.4108984374999999,0.180765625
14300,1.87769921875,0.40664843750000007,0.41321875000000013,0.18013281249999996
14400,1.87697421875,0.40650781250000007,0.4130546875,0.18043749999999997
14500,1.8769976562499997,0.40621093750000004,0.4126249999999999,0.1811640625
14600,1.8747687500000008,0.4063749999999999,0.4130937500000001,0.18053125000000006
14700,1.8745664062500003,0.40610937499999994,0.4139140624999999,0.1799765625
14800,1.87617578125,0.40707812499999996,0.41392187500000005,0.17900000000000005
14900,1.8778507812499998,0.407671875,0.4111562499999999,0.181171875
15000,1.8804468750000003,0.40997656249999986,0.4109453125,0.17907812499999998
15100,1.8847617187499999,0.4115859375000001,0.40746093749999995,0.180953125
15200,1.8857968749999992,0.41258593749999994,0.407859375,0.1795546875
15300,1.8855265624999995,0.41222656250000017,0.4082109375,0.17956249999999999
15400,1.883990625,0.4104687500000001,0.4059999999999999,0.18353124999999992
15500,1.8820078124999995,0.40812499999999985,0.40691406249999995,0.18496093749999998
15600,1.8810515625000002,0.4076015624999999,0.4060078124999999,0.186390625
15700,1.8847609375,0.40814062499999987,0.4024531250000001,0.18940625000000003
15800,1.886675,0.40999218750000005,0.4023515624999999,0.18765624999999994
15900,1.88995703125,0.41132031249999995,0.4022109374999999,0.18646875
16000,1.8894007812500004,0.41232031250000006,0.4042031250000001,0.18347656249999997
16100,1.8886773437499997,0.4119843749999999,0.4045,0.18351562500000002
16200,1.8889265624999996,0.41207031249999987,0.4042421875000001,0.1836875
16300,1.8880265624999997,0.411421875,0.40547656249999997,0.18310156250000004
16400,1.8862359374999995,0.41165625,0.40659375000000003,0.18175000000000002
16500,1.8852312500000004,0.41114062500000004,0.4087890625,0.1800703124999999
16600,1.8877140624999997,0.41365625000000006,0.40860937499999994,0.17773437500000003
16700,1.8867046875,0.4140859375000001,0.4092578125,0.17665625
16800,1.8852234375000005,0.41336718749999996,0.41041406249999995,0.17621875
16900,1.8832015625000005,0.4126875,0.4124140624999999,0.1748984375
17000,1.8848828125000001,0.41320312499999995,0.40925781250000004,0.1775390625
17100,1.8873492187499998,0.4142499999999999,0.4070546874999999,0.17869531249999998
17200,1.8897499999999998,0.4153828124999999,0.40500781250000006,0.17960937499999996
17300,1.8916664062499997,0.41666406249999993,0.4029531249999999,0.1803828125
17400,1.8982374999999994,0.4196406250000001,0.3981796875000001,0.1821796875
17500,1.9033218749999998,0.4218515625,0.3954453125,0.18270312499999997
17600,1.9061984375000003,0.42339062499999996,0.3947187500000001,0.181890625
17700,1.9067921874999991,0.4239531250000001,0.3953515625000001,0.18069531250000004
17800,1.906957031250001,0.4236484375,0.3939296875000001,0.1824218750000001
17900,1.9088046874999993,0.42356249999999995,0.39291406250000005,0.18352343750000003
18000,1.9123999999999997,0.42503125,0.39088281249999995,0.18408593750000005
18100,1.9129632812499995,0.42579687500000013,0.39109375000000013,0.18310937500000002
18200,1.91381875,0.42649999999999993,0.39209374999999996,0.18140624999999996
18300,1.9149921875000007,0.42608593750000007,0.3897343750000001,0.18417968750000005
18400,1.9154390625000004,0.4261328125,0.388984375,0.1848828125
18500,1.9165867187499999,0.42696874999999995,0.3896015625,0.1834296875
18600,1.9157273437499998,0.4276250000000002,0.39110156250000006,0.18127343750000005
18700,1.9144249999999998,0.42777343750000013,0.39307812500000017,0.17914843750000004
18800,1.9120882812500006,0.42563281249999985,0.3932890625000001,0.1810781250000001
18900,1.9097804687499995,0.42342968749999993,0.3947734375000001,0.18179687499999997
19000,1.9088906250000004,0.4221562499999999,0.3946328125,0.1832109375000001
19100,1.9076468750000002,0.42196093750000013,0.3962109375,0.18182812499999998
19200,1.9058671875000008,0.4199375000000001,0.39596093750000005,0.1841015625
19300,1.9055437499999992,0.42020312500000007,0.39734375,0.18245312500000002
19400,1.9048539062500007,0.4194687499999998,0.3968515625,0.18367968749999994
19500,1.9018593749999997,0.4176484374999999,0.39808593749999993,0.18426562500000004
19600,1.9011937500000005,0.4176250000000001,0.39745312499999996,0.18492187499999993
19700,1.9021296875000007,0.418328125,0.39659375,0.18507812499999998
19800,1.9019609375000006,0.41821093750000005,0.39508593750000004,0.18670312500000003
19900,1.90145390625,0.4180234375,0.3953984375,0.18657812499999998
20000,1.9004156249999993,0.41647656250000004,0.3961015624999999,0.18742187500000004
20100,1.899003125,0.4159609374999999,0.397296875,0.1867421875
20200,1.9014367187499994,0.41692187499999994,0.394890625,0.1881875
20300,1.9032304687500001,0.4191328124999999,0.395984375,0.18488281250000008
20400,1.9054640624999999,0.41962499999999997,0.39475781249999997,0.18561718750000003
20500,1.9071382812499997,0.420625,0.3945468749999999,0.18482812499999998
20600,1.9092515624999997,0.42184374999999996,0.39262500000000017,0.18553125
20700,1.9106632812499997,0.42199218750000006,0.39162500000000006,0.18638281250000002
20800,1.91047109375,0.4220625,0.3916718750000001,0.18626562500000005
20900,1.9113632812499994,0.4237734374999999,0.390375,0.18585156250000007
21000,1.9124078125000004,0.42345312500000004,0.38914062499999996,0.18740625
21100,1.91500703125,0.4250781250000001,0.38982031249999993,0.18510156249999998
21200,1.91622734375,0.4266171875,0.390734375,0.18264843749999995
21300,1.9158343750000004,0.4270390625,0.39099999999999996,0.18196093750000006
21400,1.91383125,0.42721093749999983,0.3934687499999999,0.17932031250000005
21500,1.9131632812500003,0.42685937500000004,0.3946484375,0.17849218750000004
21600,1.91045859375,0.4256640625,0.3950468750000002,0.1792890625
21700,1.9084476562500001,0.42378124999999994,0.3946250000000001,0.18159375000000003
21800,1.9081351562500004,0.4241640625,0.39479687499999994,0.1810390625
21900,1.9064796875000003,0.42301562500000006,0.3957578125,0.18122656250000005
22000,1.9049859374999998,0.4221093749999999,0.39702343749999996,0.18086718749999992
22100,1.9072179687499995,0.4226953125,0.3949375,0.1823671875
22200,1.9105921875000003,0.4251093749999999,0.3933984375,0.1814921875
22300,1.9155226562500003,0.42758593750000007,0.39019531250000006,0.18221874999999998
22400,1.9201882812499997,0.43013281249999985,0.387703125,0.18216406250000006
22500,1.9275937500000009,0.43297656249999994,0.3837109374999999,0.18331249999999996
22600,1.9295062500000006,0.43441406250000014,0.38298437500000004,0.18260156249999995
22700,1.93139765625,0.4358984375,0.38247656250000006,0.18162500000000004
22800,1.9316789062499995,0.43607031250000006,0.3823125000000001,0.18161718750000003
22900,1.9303820312499993,0.4342968749999998,0.3829453125,0.18275781249999998
23000,1.9298734375,0.43429687500000014,0.38406250000000003,0.18164062499999994
23100,1.9272031250000003,0.4339765625,0.38702343749999996,0.17900000000000002
23200,1.9246187499999998,0.4326640625000001,0.38815625,0.1791796875
23300,1.9234437499999997,0.43179687499999986,0.388984375,0.17921875000000004
23400,1.9216070312499993,0.4312734375000001,0.3897890625,0.17893749999999994
23500,1.9195765625000003,0.42980468750000006,0.3931093749999999,0.17708593749999998
23600,1.917396875,0.4289218749999999,0.39219531249999995,0.17888281250000004
23700,1.9207937499999999,0.43014062500000017,0.38848437499999994,0.18137500000000004
23800,1.925565625,0.43232031249999997,0.3857265625,0.18195312500000008
23900,1.9242140625000002,0.43190625,0.3861328125,0.1819609375
24000,1.9243656249999999,0.4316796875000001,0.385390625,0.18292968750000005
24100,1.9270906249999997,0.4322265624999998,0.38406250000000014,0.1837109375
24200,1.9272570312499997,0.43197656249999977,0.3842578125,0.18376562499999996
24300,1.9271765625000001,0.4323203125,0.38314843749999994,0.18453125000000004
24400,1.9302210937500004,0.43293749999999975,0.38085156250000013,0.18621093749999995
24500,1.9358828124999998,0.4357499999999999,0.3769921874999999,0.1872578125000001
24600,1.936815625,0.4374375,0.37714062500000006,0.18542187499999999
24700,1.9387968749999993,0.43746093750000004,0.3767734374999999,0.18576562500000005
24800,1.93974453125,0.4384374999999999,0.3757734375,0.18578906250000002
24900,1.9390039062500002,0.43792968749999994,0.3776875,0.1843828125
25000,1.93883359375,0.4384296874999999,0.3781328124999999,0.1834375000000001
25100,1.9365132812499994,0.43703125000000004,0.3785390625,0.18442968749999997
25200,1.9366125000000005,0.43767187499999993,0.3789062499999999,0.18342187500000004
25300,1.9362265624999995,0.43657812500000004,0.37871874999999994,0.18470312500000002
25400,1.9326968749999998,0.4353281249999999,0.3799218750000001,0.18474999999999997
25500,1.9325851562499998,0.4340703125,0.37985156250000013,0.18607812499999998
25600,1.9295726562500002,0.431703125,0.3812578125,0.18703906249999996
25700,1.92598125,0.429828125,0.38428124999999996,0.185890625
25800,1.9233289062499999,0.4289062500000001,0.3868515624999999,0.18424218750000004
25900,1.92136640625,0.4286015624999999,0.38662500000000005,0.18477343750000003
26000,1.9216164062500005,0.4274609374999999,0.3852499999999999,0.1872890625
26100,1.92452109375,0.42885937499999993,0.3844062499999999,0.18673437499999992
26200,1.9220140625000008,0.4281796875,0.386265625,0.1855546875
26300,1.91928671875,0.42735937500000004,0.3876328125000001,0.18500781250000004
26400,1.9225546875,0.4295234375000001,0.38524218750000006,0.18523437499999992
26500,1.92507265625,0.43148437500000003,0.38316406249999996,0.18535156249999996
26600,1.9234218750000003,0.4307734375,0.38552343750000007,0.183703125
26700,1.9237835937499999,0.4318671874999999,0.38667187499999994,0.18146093749999995
26800,1.9249796875,0.4322421875,0.38471875,0.18303906249999993
26900,1.9232945312500005,0.4325625,0.38746093749999994,0.17997656249999994
27000,1.9210695312500001,0.43241406250000003,0.3894765625,0.1781093750000001
27100,1.9214085937500003,0.43109374999999994,0.38792187499999997,0.18098437500000006
27200,1.9224937500000001,0.4309296875,0.38762499999999994,0.18144531249999998
27300,1.92508046875,0.432078125,0.38587499999999986,0.182046875
27400,1.92381640625,0.43222656250000013,0.38829687499999993,0.17947656250000005
27500,1.9215789062499993,0.431078125,0.38828906249999995,0.1806328125
27600,1.9204390624999998,0.4304609374999998,0.3873984375,0.182140625
27700,1.9225523437500003,0.4302265624999999,0.3859921875000001,0.18378124999999998
27800,1.9212164062499997,0.42985156250000023,0.38653906250000003,0.18360937500000002
27900,1.92071171875,0.4302265625,0.38784375000000004,0.1819296875
28000,1.9208781249999998,0.4304296874999999,0.3886015625,0.18096875
28100,1.9210609375000003,0.4305703125,0.3893124999999999,0.1801171875
28200,1.9191203125000005,0.430078125,0.3911640625000001,0.17875781250000003
28300,1.919546875,0.43090624999999994,0.38971093749999997,0.17938281250000004
28400,1.9171664062499998,0.430546875,0.39160156250000006,0.1778515625
28500,1.9166773437499995,0.4301328125,0.39240624999999996,0.17746093749999994
28600,1.91354453125,0.42743749999999997,0.39475,0.1778125
28700,1.9095070312499995,0.4272421874999999,0.3976015625,0.17515625
28800,1.9100351562500002,0.4269609375,0.3959921875,0.17704687499999996
28900,1.9139546874999998,0.42845312500000005,0.39303125,0.178515625
29000,1.91647578125,0.4290546874999999,0.3906796875,0.180265625
29100,1.9190921874999993,0.4308437499999999,0.3905625000000001,0.17859374999999994
29200,1.9192914062500006,0.4314765625000001,0.38958593750000003,0.17893749999999994
29300,1.9197687499999996,0.4306328125000001,0.38940625000000006,0.17996093749999995
29400,1.92178984375,0.43190625000000005,0.387765625,0.18032812499999998
29500,1.92265234375,0.43175781250000006,0.38732812499999997,0.18091406249999997
29600,1.9244453124999996,0.43075,0.384453125,0.18479687499999997
29700,1.9244718749999998,0.43044531249999995,0.3844140625,0.18514062499999998
29800,1.9245007812500003,0.43011718750000005,0.3843437500000001,0.18553906250000007
29900,1.9240835937499996,0.430015625,0.38306250000000003,0.18692187499999996
30000,1.9257390625,0.430484375,0.3836640625,0.18585156249999998
30100,1.9239703124999994,0.4295703125000001,0.38532812499999997,0.18510156250000004
30200,1.925296875,0.4308203125,0.38435937500000006,0.18482031250000006
30300,1.9244507812500002,0.43104687499999994,0.3852734375,0.1836796875
30400,1.927975,0.432484375,0.3826484375,0.1848671875
30500,1.92753828125,0.43182812499999995,0.38378124999999996,0.184390625
30600,1.9288937500000003,0.43288281250000005,0.38263281250000014,0.18448437500000003
30700,1.9291984375,0.4325000000000001,0.379671875,0.187828125
30800,1.93471015625,0.4345156249999999,0.3752812500000001,0.19020312500000003
30900,1.9386882812499997,0.4365859374999998,0.37353906250000013,0.18987499999999993
31000,1.945965625,0.44047656249999995,0.37035937499999994,0.18916406249999995
31100,1.9464023437500007,0.44283593749999994,0.37259375,0.18457031249999994
31200,1.944565625,0.44218749999999996,0.37530468750000007,0.18250781250000003
31300,1.9435390624999995,0.441734375,0.3766796875000001,0.18158593749999993
31400,1.9412648437500002,0.44048437500000004,0.3769765625,0.1825390625
31500,1.9380796875,0.43948437500000015,0.3782421875,0.18227343750000002
31600,1.9369117187500005,0.43911718750000006,0.37896874999999985,0.18191406250000008
31700,1.9383757812500002,0.4393749999999999,0.3777265624999999,0.1828984374999999
31800,1.9364164062499998,0.43775000000000014,0.3785546875,0.18369531249999993
31900,1.9329929687499998,0.436453125,0.3812734375,0.18227343749999997
32000,1.9319828124999996,0.43540624999999994,0.38142968749999995,0.1831640625
32100,1.9310195312499998,0.4348359374999999,0.38128906250000005,0.18387500000000004
32200,1.9324078125000002,0.43567968750000013,0.38092968749999984,0.18339062500000003
32300,1.9329445312500007,0.4363515625,0.38106250000000014,0.18258593750000002
32400,1.9321507812499994,0.43687500000000007,0.38367187500000005,0.17945312500000005
32500,1.9310960937500001,0.43617968749999997,0.3844765625000001,0.17934375000000002
32600,1.9307859374999998,0.43585156249999996,0.38417968750000003,0.17996875
32700,1.9248609375,0.43332031250000014,0.3887734375,0.17790625
32800,1.9179874999999993,0.4292421875,0.392359375,0.17839843750000006
32900,1.91876640625,0.4289921875,0.3895859375000001,0.18142187500000004
33000,1.9181710937500005,0.4295390625,0.391015625,0.17944531250000006
33100,1.9195015625,0.4299687500000001,0.38814062499999996,0.18189062499999997
33200,1.9218882812500002,0.4311796875,0.3876640625000001,0.18115625000000005
33300,1.9211023437500003,0.43147656250000005,0.38856250000000003,0.17996093750000003
33400,1.9203109374999998,0.4299453125,0.38870312499999987,0.1813515625000001
33500,1.9191226562499994,0.42865624999999985,0.38898437500000005,0.18235937500000007
33600,1.9165992187499998,0.4272578124999999,0.3922421875000001,0.1805
33700,1.9183929687499992,0.42914843749999987,0.3901796875,0.18067187500000004
33800,1.9211476562499994,0.43023437500000006,0.38682031250000015,0.18294531249999998
33900,1.9234640625,0.43124218749999993,0.3853593749999999,0.18339843749999993
34000,1.9250156250000003,0.4317109374999999,0.38567187499999994,0.1826171875
34100,1.9288898437499995,0.43310156250000015,0.38234374999999987,0.18455468749999993
34200,1.9323429687500002,0.4342109375000001,0.38029687499999987,0.1854921875
34300,1.9310507812500004,0.43383593749999994,0.3807890625000001,0.18537500000000004
34400,1.9305398437499999,0.4341484374999999,0.38284375,0.18300781250000003
34500,1.9263859374999999,0.4331562499999999,0.3859218749999999,0.18092187499999998
34600,1.9239492187499998,0.43158593750000007,0.3876875,0.18072656249999997
34700,1.922327343749999,0.4309999999999998,0.38959375,0.17940625
34800,1.9200078124999997,0.42972656249999996,0.39075000000000004,0.1795234375
34900,1.9182906249999996,0.42890625,0.39121875,0.17987500000000003
35000,1.9199687500000002,0.4296718749999999,0.39065625000000004,0.17967187499999998
35100,1.9190570312499995,0.4295859374999999,0.3919296875,0.17848437499999997
35200,1.92120625,0.4311796875000001,0.3918515625,0.17696875
35300,1.92329375,0.43259374999999983,0.3899843749999999,0.17742187500000003
35400,1.9240046875000005,0.4326406249999999,0.38875000000000015,0.17860937499999996
35500,1.9234921875000004,0.43208593749999996,0.389390625,0.17852343750000002
35600,1.9233914062500002,0.43239843749999984,0.38957031249999985,0.17803124999999995
35700,1.9205406249999997,0.431859375,0.39225781249999997,0.17588281249999996
35800,1.92074375,0.4304843749999999,0.39188281250000007,0.17763281250000001
35900,1.91683828125,0.4287578125,0.39553125,0.17571093750000003
36000,1.9113195312499995,0.42690624999999993,0.3993984375,0.17369531250000003
36100,1.9068593749999996,0.42353124999999997,0.4007734375000001,0.17569531250000003
36200,1.9077531249999993,0.42357812499999997,0.3978203125,0.17860156249999995
36300,1.9105945312499995,0.42432812499999983,0.3949999999999999,0.180671875
36400,1.91365859375,0.4253828125,0.392296875,0.18232031250000003
36500,1.91355625,0.42403125,0.3907265624999999,0.18524218749999996
36600,1.91354140625,0.42421093750000005,0.3901640625,0.18562500000000004
36700,1.9157640625000003,0.42397656250000004,0.38831250000000006,0.18771093750000006
36800,1.9193054687499997,0.4260937499999999,0.38533593750000006,0.1885703125
36900,1.9201273437500004,0.42725781249999994,0.3855078125,0.187234375
37000,1.9184609375000004,0.4259375000000001,0.38614843749999994,0.1879140625000001
37100,1.9173148437500005,0.4251640625000001,0.38699218750000003,0.18784374999999995
37200,1.915121875,0.42485937499999993,0.38836718749999993,0.18677343749999994
37300,1.911193749999999,0.4223203125,0.3903593749999999,0.18732031249999997
37400,1.9098031249999998,0.42193749999999997,0.39140625,0.18665625
37500,1.9086921874999998,0.4218437500000001,0.39124218749999995,0.18691406250000006
37600,1.9098781249999996,0.4219531250000001,0.39067187500000006,0.18737499999999996
37700,1.9119187499999992,0.4231640625000002,0.3899140625,0.18692187500000004
37800,1.9147625000000001,0.42467187500000014,0.3894140625000001,0.1859140625
37900,1.9183750000000006,0.42589843750000006,0.388265625,0.18583593750000002
38000,1.9214890625000007,0.42796874999999995,0.386625,0.18540625
38100,1.9215515624999997,0.42985937499999993,0.3884453124999999,0.1816953125
38200,1.9246968749999998,0.431515625,0.3845859375000001,0.1838984375000001
38300,1.9265359374999997,0.4313671875,0.3833281249999999,0.1853046875
38400,1.9278531249999993,0.431171875,0.3826015625000001,0.18622656250000003
38500,1.9293453124999997,0.4330312499999999,0.38134374999999976,0.18562499999999993
38600,1.9278539062500004,0.4330312499999999,0.3825234375000002,0.18444531249999999
38700,1.928596875,0.4334375,0.3829453125000001,0.1836171874999999
38800,1.928023437500001,0.4320859374999999,0.382,0.18591406249999995
38900,1.9308703125000002,0.43225,0.3792265624999999,0.18852343749999995
39000,1.9335062499999998,0.4336249999999999,0.37857812500000004,0.187796875
39100,1.9354132812500002,0.43459375000000006,0.3769140624999999,0.18849218749999996
39200,1.9347546875000001,0.43457812500000015,0.3784921875,0.18692968750000005
39300,1.933659375,0.4339609375,0.37959375,0.1864453125
39400,1.9287484374999997,0.43173437499999995,0.38436718750000004,0.1838984375
39500,1.9245812500000001,0.4296796875,0.3872265625000001,0.18309374999999997
39600,1.9181734374999995,0.42830468750000006,0.39274218749999973,0.178953125
39700,1.9156242187499997,0.42719531249999987,0.39500781249999994,0.17779687500000002
39800,1.9140640625000007,0.42704687500000005,0.3957421875,0.17721093749999997
39900,1.9140859374999994,0.42760937499999996,0.39563281250000004,0.1767578125
40000,1.9126695312499995,0.4263203125000001,0.3958203124999999,0.177859375
40100,1.9121875000000002,0.42544531250000006,0.39425,0.1803046875000001
40200,1.91318359375,0.42490625,0.39185156249999986,0.18324218750000001
40300,1.91272109375,0.42557812500000014,0.3930859375,0.1813359375000001
40400,1.9114476562499998,0.4250078125,0.39355468750000006,0.1814375
40500,1.9122000000000001,0.4249765624999999,0.3919296875,0.18309375
40600,1.9138148437500004,0.42574218750000004,0.39021875000000017,0.18403906250000002
40700,1.9126062500000003,0.42407031249999994,0.39071875000000006,0.18521093749999998
40800,1.9129179687500006,0.42416406250000005,0.3901328125,0.18570312499999997
40900,1.9138414062500004,0.42436718750000013,0.38899999999999996,0.18663281249999997
41000,1.91062734375,0.42409375000000005,0.3939218750000001,0.1819843750000001
41100,1.9068515624999995,0.423140625,0.3965546874999999,0.1803046875
41200,1.9061867187499995,0.4231328125,0.3971249999999999,0.17974218749999998
41300,1.9048796875000005,0.42172656250000007,0.39807812499999995,0.1801953125
41400,1.9022765625000009,0.42037500000000005,0.3988828125,0.1807421875
41500,1.9039367187499998,0.42060937499999995,0.39779687499999994,0.18159374999999994
41600,1.9032445312500004,0.41911718750000004,0.39713281250000004,0.18375000000000008
41700,1.9022164062500002,0.4186874999999999,0.3980468749999999,0.18326562500000004
41800,1.9037335937500004,0.41867187499999997,0.39517187499999995,0.18615624999999997
41900,1.9029421875000003,0.4181249999999999,0.39592968750000007,0.18594531250000007
42000,1.9052718750000002,0.419453125,0.39305468750000006,0.1874921875000001
42100,1.90877265625,0.42086718750000013,0.3912421875000001,0.187890625
42200,1.9099125000000008,0.4208203124999999,0.3903906249999998,0.18878906250000002
42300,1.9105703125,0.4219687500000001,0.39001562500000003,0.18801562499999996
42400,1.9092273437500002,0.42103906250000006,0.39054687499999985,0.18841406250000003
42500,1.90744296875,0.42099218749999995,0.39190625,0.18710156250000004
42600,1.9059367187499996,0.4191015625000001,0.3919921875,0.18890624999999991
42700,1.90590859375,0.41785156250000005,0.390734375,0.19141406249999998
42800,1.9058093749999998,0.418296875,0.3908203125,0.19088281250000003
42900,1.9081757812499995,0.42028125000000016,0.38990625,0.1898125
43000,1.9054218750000007,0.41875781250000005,0.3930390625000001,0.188203125
43100,1.9024000000000005,0.4181953125,0.3947265625,0.18707812499999998
43200,1.8995382812499995,0.4168281250000001,0.39773437499999975,0.18543749999999998
43300,1.89882734375,0.41695312500000004,0.3986328124999998,0.18441406249999995
43400,1.8980554687500004,0.41677343749999995,0.39935156250000003,0.18387499999999996
43500,1.898153124999999,0.41615625,0.39927343749999994,0.18457031249999994
43600,1.8962249999999998,0.4150937499999999,0.3995078124999999,0.1853984375
43700,1.8939695312500002,0.4136406249999997,0.4014765625,0.18488281249999994
43800,1.89421640625,0.4135390625,0.4005234375,0.18593749999999998
43900,1.8960203124999997,0.4155234375000001,0.3985078125,0.18596875000000007
44000,1.8981,0.4166249999999999,0.3977343750000001,0.18564062499999998
44100,1.9022953125,0.4203359374999999,0.396109375,0.18355468749999998
44200,1.90569765625,0.4213359374999999,0.39436718749999994,0.184296875
44300,1.9105484375000004,0.42384374999999996,0.39114843750000006,0.18500781250000006
44400,1.9141921874999996,0.4263046875,0.390765625,0.18292968750000002
44500,1.9129999999999998,0.4253203125,0.391671875,0.1830078125
44600,1.9120320312499999,0.42528125000000006,0.39313281249999993,0.18158593750000002
44700,1.9112734375,0.42509375,0.3938515625000002,0.18105468749999992
44800,1.9088070312500003,0.42503906250000006,0.3973515625,0.17760937499999996
44900,1.90736796875,0.42346875,0.3975078124999999,0.17902343749999994
45000,1.9085195312499996,0.423921875,0.3963828125,0.1796953125
45100,1.9078718749999999,0.42403906249999995,0.39764843750000006,0.17831250000000004
45200,1.9059421874999998,0.4232578125000001,0.3992343749999999,0.17750781249999997
45300,1.9065960937500004,0.42435156249999995,0.4000859374999999,0.17556250000000007
45400,1.9076664062500002,0.4256953125000001,0.3991796875,0.17512500000000006
45500,1.9057531250000006,0.42451562499999995,0.39882031249999983,0.1766640625000001
45600,1.9088453124999996,0.42469531250000003,0.39580468750000003,0.17950000000000008
45700,1.9087609375000005,0.4237187500000001,0.3960078125,0.1802734375
45800,1.9096281249999998,0.423578125,0.3937968750000002,0.18262499999999998
45900,1.9099445312500005,0.42349218750000006,0.39349218750000003,0.18301562500000004
46000,1.9089242187500002,0.42285937500000004,0.39406249999999987,0.183078125
46100,1.9083601562500003,0.4234609375,0.39543750000000005,0.18110156249999995
46200,1.9075445312500006,0.4220937500000001,0.3946484375,0.1832578125
46300,1.9090234374999995,0.42415625000000007,0.3940859375,0.18175781250000003
46400,1.9098335937500002,0.424453125,0.3934765624999999,0.18207031250000003
46500,1.91083359375,0.4246718750000001,0.39281249999999995,0.18251562500000004
46600,1.9112789062500002,0.42514843750000003,0.3932734375,0.18157812499999995
46700,1.9145343750000003,0.42606250000000007,0.39036718750000005,0.18357031249999997
46800,1.9182109374999998,0.42865625,0.388140625,0.18320312499999997
46900,1.9204828125000004,0.42959374999999994,0.3880625,0.18234375000000003
47000,1.9252257812500002,0.43203125000000003,0.3851875,0.18278124999999998
47100,1.927934375,0.43352343750000005,0.3826953125000001,0.18378124999999995
47200,1.9312195312500002,0.4347421874999999,0.3811015624999998,0.18415625000000002
47300,1.9303156250000006,0.43292968750000005,0.3821796875000001,0.18489062500000003
47400,1.9324140625000001,0.43464062500000006,0.3801015625,0.1852578125
47500,1.93472890625,0.43714843749999993,0.37937499999999996,0.18347656250000002
47600,1.9354296874999999,0.4372109375,0.38147656249999984,0.18131249999999993
47700,1.9332070312500003,0.4360859375,0.38232031250000015,0.18159375000000008
47800,1.9304250000000003,0.43457812500000015,0.3835234375000002,0.1818984375
47900,1.9299007812499995,0.4346875,0.38493750000000004,0.18037499999999995
48000,1.92704609375,0.43410937500000024,0.3860156250000001,0.17987499999999995
48100,1.9284039062499998,0.434234375,0.3841640625,0.1816015625
48200,1.9297664062499995,0.4353593750000001,0.38362499999999994,0.18101562500000007
48300,1.9312523437500007,0.43672656249999986,0.3831953125,0.18007812499999998
48400,1.9313859375,0.43711718749999995,0.3831796875,0.179703125
48500,1.932182812500001,0.43724999999999997,0.38149218749999997,0.1812578125
48600,1.9354304687500001,0.4387499999999998,0.37996875,0.18128124999999998
48700,1.9370320312500005,0.43882812499999996,0.37873437500000023,0.18243749999999997
48800,1.9359953124999996,0.4377968750000001,0.37893749999999987,0.18326562500000002
48900,1.93499609375,0.4381484375000001,0.38157812500000005,0.18027343750000002
49000,1.9345476562500001,0.4379687500000001,0.38178125,0.18025000000000002
49100,1.9326437499999995,0.43896874999999996,0.3838203125,0.1772109375
49200,1.9336335937500009,0.43855468750000004,0.38207812499999994,0.17936718749999994
49300,1.932296875,0.4378203125,0.3826953125,0.17948437499999992
49400,1.933753125,0.43676562500000005,0.3802656250000001,0.18296875
49500,1.9361335937499997,0.437828125,0.3785,0.18367187499999998
49600,1.94085859375,0.44000000000000006,0.3743828125000001,0.18561718750000006
49700,1.9434015625000003,0.4414765625,0.37485937499999994,0.18366406250000009
49800,1.94323515625,0.44142187499999996,0.37640625,0.18217187500000004
49900,1.94234609375,0.44103906250000025,0.3773828125000001,0.18157812500000003
50000,1.937707812499999,0.43945312499999994,0.38067187499999994,0.17987499999999998
50100,1.9347781249999996,0.4390390625000002,0.3826796875,0.1782812499999999
50200,1.9355484375000003,0.4396093749999999,0.3811875000000001,0.17920312500000005
50300,1.93575078125,0.4388203125,0.381890625,0.17928906250000007
50400,1.9323617187500002,0.43687500000000007,0.38375000000000004,0.17937499999999998
50500,1.9321648437500005,0.4369218749999999,0.3854921875,0.1775859375
50600,1.9315218749999998,0.43656249999999996,0.384796875,0.17864062499999997
50700,1.9299679687499995,0.4362421875000001,0.38500000000000006,0.17875781249999995
50800,1.9294882812500005,0.43608593749999985,0.38475,0.17916406250000003
50900,1.9314171875000004,0.43689843750000007,0.38460156250000005,0.1785
51000,1.9335609375000002,0.43761718749999995,0.3815312500000001,0.1808515625
51100,1.9329460937500005,0.4370546875,0.38150781250000004,0.18143750000000008
51200,1.9356039062499995,0.4384375,0.37997656249999995,0.18158593750000002
51300,1.9373976562500002,0.4398906250000001,0.38005468750000004,0.1800546875000001
51400,1.9366007812499997,0.4393437500000001,0.3804765625000001,0.18017968749999994
51500,1.93531171875,0.4386015625000001,0.38067968750000003,0.18071874999999998
51600,1.9345101562499996,0.4379218750000001,0.38029687500000003,0.18178124999999998
51700,1.9367937499999996,0.43799999999999994,0.37842187499999996,0.18357812500000004
51800,1.9373874999999998,0.43952343750000006,0.37834375000000003,0.18213281250000005
51900,1.9375328124999998,0.43937500000000007,0.37791406250000004,0.18271093749999995
52000,1.9382492187499996,0.44014843750000004,0.378515625,0.18133593750000002
52100,1.9429218749999992,0.4432109375000002,0.3766562499999999,0.1801328125
52200,1.9476906249999992,0.4463125,0.3739140625,0.17977343750000002
52300,1.9512914062499995,0.44821093749999996,0.37196874999999996,0.1798203124999999
52400,1.9538437499999999,0.44896093750000005,0.37039062500000014,0.18064843749999995
