step,mean_aspect_ratio,fraction_elongated,fraction_round,fraction_binary
100,1.0,0.0,1.0,0.0
200,1.09120625,0.005500000000000003,0.7498906249999998,0.24460937500000007
300,1.0881093750000002,0.008968750000000004,0.7584062500000001,0.23262500000000003
400,1.08994375,0.011015625000000006,0.7546093750000001,0.23437500000000003
500,1.093925,0.013312500000000008,0.7437499999999999,0.2429375
600,1.1011203124999998,0.01553125000000001,0.7400000000000001,0.24446875000000004
700,1.10854375,0.018765625000000005,0.7320937500000001,0.24914062500000003
800,1.11803125,0.022562499999999992,0.7349062500000001,0.24253125
900,1.1253562499999998,0.026593749999999996,0.7388906249999998,0.23451562499999998
1000,1.1368015625,0.03139062499999999,0.7365468750000003,0.2320625
1100,1.1461250000000003,0.0364375,0.7421562499999999,0.22140625
1200,1.1560624999999998,0.041265625000000014,0.7416562500000001,0.21707812499999996
1300,1.1662546875000004,0.046499999999999965,0.744421875,0.20907812499999998
1400,1.17735,0.0523125,0.748125,0.19956250000000003
1500,1.1901984375,0.05867187500000001,0.7482500000000003,0.19307812499999996
1600,1.2030140625,0.065453125,0.7481093750000001,0.18643749999999995
1700,1.2183687500000002,0.07321875000000003,0.7453906250000002,0.181390625
1800,1.2323453125,0.0805,0.7420312499999999,0.1774687500000001
1900,1.2461625,0.08626562500000003,0.7373125000000003,0.176421875
2000,1.2613453125,0.09385937500000002,0.73134375,0.174796875
2100,1.2805921875,0.10184374999999997,0.7209062500000001,0.17725
2200,1.2951437499999998,0.10740625000000004,0.7130781250000001,0.179515625
2300,1.3098843750000002,0.11370312499999999,0.70625,0.18004687499999997
2400,1.3234687499999997,0.12004687499999997,0.702875,0.17707812499999995
2500,1.332971875,0.12640625,0.7013593750000001,0.17223437499999997
2600,1.3458421875000004,0.13265625000000006,0.6975937500000002,0.1697500000000001
2700,1.3562718749999998,0.13784375000000001,0.69128125,0.170875
2800,1.3682437499999998,0.14215625,0.6832656250000003,0.174578125
2900,1.3749156250000005,0.14832812499999995,0.6847968750000001,0.16687500000000002
3000,1.3803062500000007,0.15137499999999998,0.6841718750000001,0.16445312499999992
3100,1.3890750000000005,0.15606249999999997,0.6778437499999996,0.16609374999999998
3200,1.4032609374999994,0.16150000000000003,0.6713906249999999,0.167109375
3300,1.4117625000000003,0.16525,0.666765625,0.16798437500000005
3400,1.4190390624999998,0.16906249999999992,0.6637656250000001,0.167171875
3500,1.4281859375,0.1741875000000001,0.66,0.16581250000000003
3600,1.4336328125000002,0.17631249999999998,0.6560312500000003,0.16765625000000006
3700,1.4362078125000004,0.17839062500000002,0.6569218749999998,0.16468749999999996
3800,1.4422031249999994,0.1812187500000001,0.6519218750000001,0.166859375
3900,1.4512437499999997,0.18460937499999996,0.6453906250000001,0.16999999999999996
4000,1.4612,0.18840624999999997,0.6395624999999999,0.17203125000000002
4100,1.4691249999999998,0.19140625,0.6343437499999998,0.17425000000000002
4200,1.4777328125,0.19589062499999998,0.629578125,0.17453125000000003
4300,1.4833359375000004,0.19810937499999995,0.62540625,0.176484375
4400,1.4874203124999996,0.19918749999999996,0.6224375,0.178375
4500,1.4897375000000002,0.20093750000000007,0.6186875000000001,0.180375
4600,1.4939828125,0.20328125,0.6179999999999999,0.17871875
4700,1.4913062500000003,0.20232812500000005,0.6216250000000001,0.17604687499999996
4800,1.4936109375000002,0.20521875,0.62090625,0.173875
4900,1.4987796875,0.20754687500000005,0.6182812500000001,0.17417187500000006
5000,1.5014109375,0.20951562499999993,0.6178281249999998,0.17265624999999998
5100,1.5031156250000002,0.21090624999999996,0.6175781250000001,0.17151562499999992
5200,1.5012765624999997,0.2106875,0.6205468749999998,0.168765625
5300,1.5014500000000002,0.210890625,0.620390625,0.16871875000000006
5400,1.5054296874999997,0.21232812499999998,0.6182187499999999,0.16945312499999998
5500,1.5073671875,0.21396874999999999,0.6172343750000001,0.16879687500000004
5600,1.5078328125,0.21371875,0.6141718749999998,0.17210937499999998
5700,1.5110874999999993,0.214359375,0.6113593750000001,0.17428125000000005
5800,1.514859375,0.21512499999999993,0.609046875,0.17582812499999995
5900,1.5179031250000004,0.2150625,0.6062500000000002,0.1786875
6000,1.5174609374999997,0.21539062499999995,0.6070468749999999,0.17756249999999998
6100,1.5223109374999992,0.21756250000000005,0.6041562500000001,0.17828125
6200,1.5216312499999995,0.21804687500000003,0.6054218749999999,0.17653125
6300,1.5207421875000002,0.21748437499999998,0.6064843750000003,0.17603125000000003
6400,1.523209374999999,0.218875,0.60503125,0.17609375000000005
6500,1.5238187500000002,0.219421875,0.6045781250000002,0.17599999999999993
6600,1.5272890625000004,0.22021875000000002,0.6061250000000002,0.17365625
6700,1.5286125,0.221640625,0.6065000000000002,0.17185937499999995
6800,1.5344499999999996,0.22379687500000003,0.6014999999999998,0.17470312500000004
6900,1.5376875,0.22479687499999995,0.5985156249999999,0.17668749999999994
7000,1.5369296875,0.22556250000000008,0.5986562500000002,0.17578125000000003
7100,1.5365828125,0.22468750000000004,0.6011249999999998,0.1741875
7200,1.5413390625,0.22759374999999998,0.5970937500000001,0.17531249999999998
7300,1.5432562500000007,0.22956249999999997,0.59328125,0.17715624999999996
7400,1.5442890625,0.22962499999999997,0.5922656249999999,0.17810937499999996
7500,1.5441265624999998,0.22753125000000005,0.5913124999999999,0.18115625
7600,1.5451156249999998,0.22867187500000005,0.5915937499999999,0.17973437500000003
7700,1.54799375,0.23007812499999997,0.589015625,0.18090625000000002
7800,1.5502281249999996,0.23267187500000006,0.590625,0.176703125
7900,1.5481546874999994,0.23259375000000004,0.5948750000000003,0.17253125
8000,1.5430703125,0.23253124999999997,0.6011250000000001,0.1663437499999999
8100,1.5432015625,0.23125000000000007,0.5994375000000001,0.1693125
8200,1.5431812500000002,0.2315937500000001,0.5987499999999999,0.16965625
8300,1.5459671875000003,0.23184375000000002,0.5980625000000002,0.17009374999999996
8400,1.5487125000000002,0.23262499999999997,0.59590625,0.17146875000000006
8500,1.5485359374999994,0.23259375000000002,0.595421875,0.17198437499999994
8600,1.5471265625,0.232546875,0.598015625,0.16943750000000005
8700,1.5462953124999996,0.23231250000000006,0.5979999999999999,0.16968750000000002
8800,1.5470359374999998,0.23214062500000004,0.5955937500000001,0.172265625
8900,1.5496312500000005,0.23375000000000004,0.5938749999999996,0.172375
9000,1.5538093749999995,0.23579687500000004,0.5911562499999999,0.17304687499999996
9100,1.5546515625000006,0.235765625,0.58875,0.17548437500000003
9200,1.5543265625000005,0.23417187500000003,0.590828125,0.175
9300,1.5492406250000001,0.23293750000000002,0.5942187500000002,0.17284375000000005
9400,1.5448187500000006,0.2311875,0.5966874999999999,0.17212499999999997
9500,1.5423843749999997,0.22815625,0.5974531249999998,0.174390625
9600,1.5414375000000005,0.2273437500000001,0.5965000000000003,0.17615625
9700,1.5363468750000004,0.22393750000000007,0.5975625000000002,0.17849999999999996
9800,1.5346640624999999,0.22545312499999998,0.6012968750000001,0.17325
9900,1.5343156249999994,0.22474999999999998,0.600796875,0.17445312499999996
10000,1.5336859374999998,0.224046875,0.6015625000000002,0.17439062500000002
10100,1.5339171875000002,0.22278124999999993,0.5985937499999998,0.178625
10200,1.5347562500000007,0.22359375,0.5975000000000001,0.17890625000000002
10300,1.5351843750000003,0.22203124999999996,0.5964843750000003,0.181484375
10400,1.5331812500000002,0.2218125,0.5986250000000002,0.1795625
10500,1.5344984375000004,0.22246875,0.5974531250000001,0.18007812500000003
10600,1.5357968749999997,0.22279687500000006,0.5974375000000003,0.17976562499999998
10700,1.5375109375,0.22459375000000006,0.5966562499999998,0.17875000000000002
10800,1.5401468750000002,0.22479687500000012,0.592875,0.18232812500000004
10900,1.5352187500000003,0.22473437499999996,0.5982656249999999,0.17699999999999996
11000,1.5330203124999995,0.22421874999999997,0.5993125000000001,0.17646874999999998
11100,1.5336687499999995,0.22310937500000003,0.5983124999999998,0.178578125
11200,1.5315421875,0.22165624999999994,0.601515625,0.17682812499999997
11300,1.5307031249999996,0.22193749999999995,0.6022187499999999,0.17584375000000002
11400,1.5336078125000008,0.223515625,0.600734375,0.17575
11500,1.537115625,0.22403125,0.59803125,0.17793749999999997
11600,1.5403828125,0.22623437500000002,0.5944687500000001,0.17929687500000005
11700,1.5393890624999997,0.22612499999999994,0.5976093750000001,0.17626562500000004
11800,1.540590625,0.22660937499999995,0.59509375,0.17829687500000005
11900,1.5398421875000006,0.22578124999999993,0.5935937499999998,0.180625
12000,1.5361343750000005,0.22331250000000005,0.5953437500000001,0.18134375000000008
12100,1.5325640624999999,0.22174999999999995,0.6006250000000002,0.17762499999999998
12200,1.5320859375,0.22326562500000005,0.599265625,0.17746875
12300,1.5336375,0.22401562500000002,0.6010156249999998,0.17496875
12400,1.5364437499999997,0.22467187500000002,0.5998593749999999,0.17546874999999995
12500,1.5360640625000002,0.22492187499999997,0.5975937499999997,0.177484375
12600,1.53885,0.22726562499999997,0.5995312500000002,0.173203125
12700,1.5397734375000005,0.2283125,0.599453125,0.17223437500000002
12800,1.5368593750000001,0.226296875,0.599640625,0.17406249999999998
12900,1.5337312499999998,0.22476562499999994,0.5991406250000002,0.17609374999999997
13000,1.5307484374999998,0.22315625000000003,0.6006562499999997,0.17618749999999997
13100,1.5292546875000004,0.22256249999999997,0.6025156250000002,0.17492187499999998
13200,1.5248343749999993,0.22112499999999996,0.60746875,0.17140625
13300,1.5242906249999997,0.22179687499999998,0.6085468749999999,0.16965625
13400,1.5295578125000004,0.2233125,0.603421875,0.173265625
13500,1.5350796875000006,0.22515625,0.5970937500000001,0.17774999999999994
13600,1.5403484375,0.22793750000000002,0.5945937500000001,0.17746875000000006
13700,1.5420203124999998,0.22910937499999998,0.593546875,0.17734375
13800,1.5435062499999999,0.22845312500000003,0.5935937500000001,0.1779531249999999
13900,1.5451359375000002,0.228953125,0.59290625,0.17814062499999997
14000,1.5485203125000007,0.23118750000000005,0.590484375,0.17832812499999995
14100,1.5490265625000004,0.23212500000000005,0.5911249999999997,0.17675000000000002
14200,1.5507249999999995,0.23249999999999998,0.5910624999999999,0.17643749999999997
14300,1.5525515625000001,0.23395312499999993,0.5897187500000002,0.17632812500000003
14400,1.5539328124999996,0.23639062500000002,0.5890781249999997,0.17453125000000005
14500,1.5551046874999999,0.23681250000000004,0.5896718750000002,0.17351562499999995
14600,1.5561500000000001,0.23776562499999995,0.5904218749999998,0.1718125
14700,1.5595281250000004,0.23895312499999993,0.5860312499999999,0.17501562500000006
14800,1.5632437499999996,0.24098437500000003,0.584296875,0.17471875
14900,1.570503125,0.24381250000000004,0.5786718750000002,0.177515625
15000,1.5720796874999992,0.24485937499999996,0.5768437499999999,0.17829687500000005
15100,1.5717750000000006,0.24196874999999995,0.5784375,0.17959375
15200,1.5736671875,0.24228124999999995,0.5775624999999999,0.18015625000000005
15300,1.5682140625000003,0.24015625000000002,0.5833125000000001,0.17653124999999997
15400,1.564253125,0.23879687500000005,0.58565625,0.175546875
15500,1.559896875,0.236359375,0.5860156249999998,0.17762499999999998
15600,1.558940625,0.236796875,0.588765625,0.17443750000000002
15700,1.5545250000000002,0.23543750000000002,0.5908750000000002,0.1736874999999999
15800,1.55730625,0.23675000000000004,0.5892499999999999,0.174
15900,1.5591562500000007,0.23762499999999995,0.5862187499999999,0.17615625
16000,1.56165,0.238234375,0.5838593750000002,0.17790624999999996
16100,1.5626234374999999,0.23928125,0.583109375,0.17760937500000004
16200,1.560890625,0.23915624999999996,0.5836875000000001,0.17715625000000002
16300,1.561690625,0.23953124999999995,0.5842812500000001,0.17618749999999997
16400,1.5614890625,0.23921874999999998,0.5848749999999999,0.17590625000000001
16500,1.5601078125000003,0.23915624999999993,0.588046875,0.172796875
16600,1.5595796875000003,0.238796875,0.591109375,0.17009374999999996
16700,1.5613078125,0.239515625,0.5887656250000002,0.17171875
16800,1.5616624999999997,0.23992187499999995,0.5885468749999999,0.17153125
16900,1.5657406249999997,0.24293749999999997,0.5861250000000001,0.17093750000000005
17000,1.5682718750000004,0.24460937499999993,0.5850468750000001,0.17034375
17100,1.5761765625,0.24737499999999998,0.5762031249999999,0.17642187499999995
17200,1.5789781249999997,0.24700000000000008,0.5733749999999997,0.179625
17300,1.580784375,0.24774999999999997,0.5736406250000001,0.17860937500000001
17400,1.5778609374999992,0.246984375,0.57659375,0.176421875
17500,1.5731125000000001,0.24559375000000003,0.5804062499999999,0.17399999999999996
17600,1.5785140625000007,0.24628125,0.5745937499999999,0.17912499999999998
17700,1.580728125,0.24779687499999994,0.575453125,0.17675
17800,1.5814234374999996,0.24934375000000006,0.57484375,0.17581250000000004
17900,1.5814671875,0.25007812500000004,0.5737187500000003,0.17620312500000002
18000,1.5856640625000002,0.25068749999999995,0.5703906249999998,0.17892187499999998
18100,1.5887046874999993,0.2514843749999999,0.5697500000000001,0.1787656249999999
18200,1.5898999999999999,0.2538437500000001,0.5713281250000002,0.17482812500000006
18300,1.5914828125000002,0.25414062499999995,0.5692343750000002,0.17662499999999998
18400,1.5895578125,0.251875,0.5687656249999999,0.179359375
18500,1.5855328125000003,0.25039062500000003,0.5714687500000001,0.17814062499999997
18600,1.5858374999999998,0.251546875,0.5738749999999999,0.17457812500000003
18700,1.5873562500000002,0.2518749999999999,0.571953125,0.17617187499999995
18800,1.5914140625,0.25353125000000004,0.5672968749999998,0.179171875
18900,1.5896093750000002,0.25253125,0.56796875,0.17950000000000005
19000,1.586671875,0.25017187499999993,0.56865625,0.18117187499999993
19100,1.584578125,0.24853125,0.571359375,0.18010937500000007
19200,1.5842406249999996,0.24845312500000002,0.5729687499999999,0.17857812499999998
19300,1.5829640624999994,0.2480312499999999,0.5743750000000001,0.17759375
19400,1.5819062499999996,0.24856250000000002,0.5733437500000002,0.17809375000000002
19500,1.5817843749999998,0.24825000000000005,0.5729843750000001,0.17876562500000004
19600,1.5817328124999999,0.247,0.5730000000000001,0.17999999999999994
19700,1.5823500000000006,0.24706250000000007,0.57296875,0.17996874999999996
19800,1.5811421875000002,0.24651562499999993,0.571828125,0.18165625
19900,1.5796218749999997,0.24453125,0.57125,0.18421874999999993
20000,1.5790437499999996,0.2438437499999999,0.5708125000000002,0.18534374999999995
20100,1.5779421874999997,0.24374999999999997,0.5705937500000001,0.18565625
20200,1.5773359375000002,0.24234375,0.5712656250000001,0.186390625
20300,1.5775812500000006,0.24162499999999998,0.5728281249999998,0.18554687500000006
20400,1.5769078124999998,0.24126562500000004,0.5730937499999998,0.185640625
20500,1.5759671874999996,0.24129687500000008,0.5752500000000003,0.1834531249999999
20600,1.5763859375000004,0.24112499999999998,0.5744843749999999,0.18439062499999995
20700,1.575053125,0.2398749999999999,0.5761875000000001,0.18393750000000003
20800,1.5722734374999996,0.24056249999999998,0.5786875000000002,0.18074999999999997
20900,1.5682578125000002,0.23990625,0.58103125,0.17906249999999993
21000,1.56955625,0.23956249999999993,0.5789218749999998,0.18151562500000004
21100,1.5713671875,0.24028125,0.5798593750000001,0.17985937499999996
21200,1.5707312500000004,0.24123437500000008,0.57915625,0.179609375
21300,1.5713312499999998,0.240953125,0.5784999999999999,0.18054687500000005
21400,1.5709609374999998,0.24182812500000012,0.5797656249999998,0.17840625000000002
21500,1.5678437500000002,0.24006250000000004,0.583640625,0.17629687500000005
21600,1.5652265625000001,0.24028125,0.5861875000000001,0.17353125000000003
21700,1.5631984374999994,0.23892187499999998,0.5856718749999998,0.17540625
21800,1.5586468749999995,0.237578125,0.5886093750000002,0.17381250000000006
21900,1.5564031249999997,0.23739062499999997,0.5897031250000001,0.1729062500000001
22000,1.5584874999999998,0.23660937500000004,0.5879374999999999,0.17545312499999996
22100,1.5600390625,0.23665624999999998,0.58515625,0.17818750000000005
22200,1.5633390625000003,0.23601562499999998,0.58134375,0.18264062499999997
22300,1.5648562499999998,0.23651562499999998,0.5766718750000002,0.18681250000000002
22400,1.567184375,0.23634375000000002,0.5761406250000001,0.187515625
22500,1.5696640625000002,0.23796874999999998,0.5751406250000001,0.18689062499999995
22600,1.5739609375000005,0.2398125,0.5709687499999998,0.18921875000000005
22700,1.5764234375000006,0.24126562499999998,0.5710468750000001,0.18768749999999995
22800,1.5784999999999998,0.24187499999999998,0.5714062500000002,0.18671875
22900,1.5795062499999992,0.2422812500000001,0.571828125,0.18589062499999998
23000,1.5779796875,0.24264062500000005,0.5734218749999999,0.1839375
23100,1.5725609375,0.23960937499999999,0.576421875,0.18396874999999996
23200,1.5695671875,0.24006249999999996,0.5769531250000002,0.1829843750000001
23300,1.5684687500000005,0.239625,0.5771562499999999,0.18321875
23400,1.5645078124999998,0.23804687499999994,0.5794843750000002,0.18246874999999996
23500,1.5621125,0.23512499999999995,0.5815625000000002,0.1833125
23600,1.5625859374999997,0.23664062500000002,0.5835156250000001,0.17984374999999997
23700,1.5663531250000002,0.23834374999999994,0.5815937500000002,0.1800625
23800,1.5695437500000007,0.238796875,0.5801718750000001,0.18103124999999995
23900,1.5701515625000002,0.2409218750000001,0.5814531250000001,0.17762499999999995
24000,1.5685437499999995,0.24003125000000008,0.5814999999999999,0.17846874999999993
24100,1.5739343750000006,0.24168749999999997,0.575640625,0.18267187500000004
24200,1.5731078125,0.240578125,0.5780468749999997,0.18137500000000006
24300,1.5724796874999996,0.2417031249999999,0.5786718749999998,0.17962500000000006
24400,1.5663453125,0.24101562499999998,0.5842968749999999,0.17468749999999994
24500,1.5663640624999995,0.24014062500000002,0.5830781250000002,0.17678125
24600,1.5673296875000005,0.240640625,0.5845937500000002,0.17476562500000004
24700,1.5662656249999998,0.23892187500000006,0.5826718750000001,0.17840625000000002
24800,1.5681062499999994,0.2403125,0.580515625,0.179171875
24900,1.5649046875000003,0.23795312500000002,0.5806874999999998,0.181359375
25000,1.5637046875000007,0.23690625,0.5816562499999998,0.18143750000000003
25100,1.56165625,0.23467187500000006,0.58084375,0.1844843750000001
25200,1.5567140624999996,0.23167187500000003,0.5859531249999999,0.182375
25300,1.5526046875000006,0.22910937500000003,0.588171875,0.18271875000000004
25400,1.54873125,0.22834374999999993,0.590703125,0.180953125
25500,1.5451374999999996,0.22790625,0.5920156250000004,0.18007812499999998
25600,1.5408390625000004,0.22549999999999998,0.5942656249999999,0.18023437499999997
25700,1.5366843749999999,0.22489062499999993,0.5979062500000003,0.17720312500000002
25800,1.5357015625000006,0.22512499999999994,0.601234375,0.17364062499999997
25900,1.5336781249999996,0.22465625000000003,0.598921875,0.17642187499999998
26000,1.5302093749999999,0.22090624999999997,0.603421875,0.17567187500000003
26100,1.5295968750000002,0.22174999999999995,0.601265625,0.17698437499999994
26200,1.5270953125,0.22142187500000005,0.6030937499999998,0.17548437500000003
26300,1.5274234374999998,0.22076562499999997,0.6035937499999999,0.17564062499999994
26400,1.529553125,0.22135937500000002,0.601171875,0.17746874999999995
26500,1.5305203125,0.22278124999999996,0.6022968750000001,0.17492187499999992
26600,1.529515625,0.22196875000000002,0.6010781249999999,0.17695312500000002
26700,1.5320999999999996,0.2236875,0.600265625,0.176046875
26800,1.532934375,0.22392187500000005,0.5998125,0.17626562500000004
26900,1.5375312500000002,0.2260468750000001,0.5966406249999999,0.17731250000000004
27000,1.5422109374999995,0.22714062500000007,0.59171875,0.18114062499999994
27100,1.5457109375,0.22857812500000002,0.5901250000000001,0.18129687500000002
27200,1.5473343750000004,0.23142187499999992,0.5914531249999999,0.17712499999999998
27300,1.5519734374999994,0.23501562500000006,0.590484375,0.1745
27400,1.5571046874999996,0.238203125,0.591125,0.17067187499999997
27500,1.5598765625,0.24071874999999993,0.589671875,0.169609375
27600,1.5608718750000001,0.2415,0.58525,0.17325000000000002
27700,1.5650156250000005,0.24317187500000007,0.5826718749999998,0.17415625000000007
27800,1.5686031250000005,0.24451562499999993,0.579875,0.17560937499999998
27900,1.5733703124999998,0.246671875,0.5794531249999998,0.17387500000000006
28000,1.5751078124999998,0.24676562499999993,0.5800312500000002,0.173203125
28100,1.5767328125,0.246109375,0.5785,0.17539062499999997
28200,1.5779874999999997,0.24845312499999997,0.5774218750000001,0.17412500000000009
28300,1.5759374999999995,0.24628125000000003,0.5749374999999999,0.17878124999999997
28400,1.5780531249999996,0.24565625,0.571890625,0.18245312500000002
28500,1.5751921875000008,0.24190625000000004,0.5731875000000002,0.18490625000000005
28600,1.57160625,0.24098437500000006,0.577015625,0.18200000000000002
28700,1.5720124999999998,0.24165625000000004,0.5798124999999998,0.17853125
28800,1.5709703125,0.24076562499999998,0.5804218749999999,0.17881249999999996
28900,1.5699968749999995,0.24267187499999998,0.5800624999999999,0.17726562499999998
29000,1.5683859375,0.243046875,0.5834218750000002,0.17353124999999997
29100,1.5694156250000006,0.24376562499999996,0.5824218750000001,0.17381250000000004
29200,1.5710437500000003,0.243921875,0.581109375,0.17496875
29300,1.5688249999999997,0.242328125,0.583,0.17467187500000003
29400,1.5699578124999998,0.240828125,0.5796875,0.17948437499999997
29500,1.570309375,0.23912499999999995,0.5787656249999998,0.18210937500000002
29600,1.5708937499999995,0.23978124999999995,0.57821875,0.182
29700,1.5702609374999998,0.23953125,0.5772656249999998,0.183203125
29800,1.5685171874999995,0.23862499999999998,0.5792499999999999,0.18212500000000004
29900,1.5660234374999997,0.23660937499999998,0.579921875,0.18346874999999999
30000,1.564596875,0.23514062500000002,0.5780937499999999,0.18676562500000005
30100,1.5626281250000003,0.2342500000000001,0.5807187499999998,0.18503124999999998
30200,1.5603203125000003,0.23428124999999997,0.583234375,0.182484375
30300,1.5599328124999996,0.23428124999999997,0.5842656249999999,0.181453125
30400,1.559078125,0.23312500000000003,0.5855781249999997,0.18129687499999994
30500,1.5606859375000002,0.23378124999999986,0.5836406249999998,0.18257812499999995
30600,1.5604281249999996,0.23292187500000006,0.580546875,0.18653124999999995
30700,1.5597000000000005,0.23378125000000005,0.5825156249999998,0.18370312500000002
30800,1.5571437500000003,0.23401562500000003,0.5855468750000001,0.18043750000000003
30900,1.5570078124999998,0.23417187500000003,0.5851875,0.18064062499999997
31000,1.5520312500000002,0.23212500000000003,0.5895312499999998,0.17834375
31100,1.5496656250000005,0.2312812499999999,0.5920156249999998,0.17670312500000002
31200,1.5542593749999998,0.23492187500000006,0.59221875,0.17285937499999998
31300,1.5510187500000003,0.233609375,0.5931875,0.17320312499999999
31400,1.5527421874999998,0.23387499999999997,0.5924999999999997,0.17362500000000003
31500,1.5518234375000002,0.23501562500000003,0.5940937499999999,0.17089062500000005
31600,1.5535828125000004,0.2347968750000001,0.5911093750000003,0.17409374999999996
31700,1.555303125,0.23450000000000004,0.5893281250000001,0.17617187500000006
31800,1.5546359374999996,0.23362500000000003,0.5889374999999999,0.17743749999999997
31900,1.5568390625,0.235078125,0.5867968750000001,0.17812499999999998
32000,1.5594562499999993,0.235671875,0.5848437499999999,0.17948437499999997
32100,1.5642671874999998,0.23904687499999996,0.5827031250000001,0.17825000000000002
32200,1.5687265625000004,0.240234375,0.5808749999999999,0.17889062499999997
32300,1.5748187499999995,0.243484375,0.5756874999999998,0.18082812500000003
32400,1.5773546875000002,0.24421875000000004,0.5740312500000001,0.18175000000000005
32500,1.5800171875000009,0.245234375,0.5707031250000001,0.18406250000000007
32600,1.58206875,0.24671875,0.570875,0.18240625000000005
32700,1.5808062500000004,0.24568749999999998,0.5729843750000001,0.18132812500000006
32800,1.5787140624999998,0.24632812499999995,0.578078125,0.17559375000000002
32900,1.5805625,0.24512499999999998,0.572640625,0.18223437499999998
33000,1.576146875,0.24273437499999995,0.5754999999999998,0.181765625
33100,1.5720046874999998,0.2414375,0.577359375,0.181203125
33200,1.5709953124999996,0.24251562500000004,0.5786093750000001,0.17887500000000003
33300,1.5725656250000002,0.24210937500000002,0.57846875,0.17942187499999998
33400,1.5713281250000002,0.24203124999999995,0.5798906250000001,0.178078125
33500,1.5731703124999998,0.24257812499999998,0.5785156250000002,0.17890624999999993
33600,1.5730468750000002,0.24332812499999995,0.5789687499999999,0.177703125
33700,1.5715499999999998,0.243703125,0.5810624999999999,0.1752343750000001
33800,1.5704031250000001,0.24296874999999993,0.5815937499999999,0.1754374999999999
33900,1.5696671875000001,0.24306249999999996,0.580859375,0.17607812500000003
34000,1.5727578125,0.243359375,0.5783437499999999,0.17829687500000005
34100,1.5748906249999997,0.24504687499999997,0.5773593749999999,0.17759375000000008
34200,1.5769281249999993,0.24468749999999997,0.57534375,0.1799687500000001
34300,1.5746078125000005,0.242328125,0.5752812500000002,0.18239062500000003
34400,1.573584375,0.24185937500000002,0.5762812499999997,0.18185937500000002
34500,1.5736562500000002,0.241109375,0.5757812499999999,0.18310937499999996
34600,1.568446875,0.23910937499999999,0.5790937500000003,0.18179687499999994
34700,1.56705625,0.23903125000000003,0.582234375,0.17873437499999997
34800,1.5664781250000002,0.23889062500000005,0.5822031250000002,0.17890625000000004
34900,1.5617500000000002,0.23845312500000002,0.5871249999999998,0.17442187500000003
35000,1.5611828124999998,0.237546875,0.5853906249999998,0.17706249999999993
35100,1.560134375000001,0.23614062500000008,0.5870625,0.17679687500000005
35200,1.5635046874999998,0.23771875,0.5848749999999998,0.17740625
35300,1.5639062499999992,0.23867187500000003,0.5851718749999998,0.17615625
35400,1.5647578125000001,0.23920312499999996,0.5871093750000002,0.17368749999999994
35500,1.5628484375000002,0.23946875,0.586921875,0.173609375
35600,1.5643921875000002,0.23996874999999998,0.5847812500000001,0.17525
35700,1.5675859374999999,0.23982812499999995,0.5817187500000001,0.17845312499999993
35800,1.5677421875,0.24043749999999992,0.5815312499999999,0.17803125000000006
35900,1.5648484375,0.23990624999999993,0.5855625000000001,0.17453125000000003
36000,1.5629859375000006,0.23964062500000008,0.585609375,0.17475000000000002
36100,1.5610046875000003,0.23756250000000007,0.58771875,0.17471874999999998
36200,1.5626453124999993,0.23900000000000005,0.5868593750000003,0.17414062500000008
36300,1.5666265625,0.24009375000000008,0.583109375,0.17679687500000005
36400,1.5631421875000002,0.2385624999999999,0.584234375,0.17720312500000004
36500,1.56491875,0.239375,0.580828125,0.17979687500000005
36600,1.567546875,0.23860937499999998,0.57665625,0.18473437499999995
36700,1.56480625,0.237765625,0.5772968749999998,0.1849375
36800,1.5653953125,0.23756249999999993,0.5760624999999999,0.18637499999999999
36900,1.5620750000000005,0.23626562499999992,0.5785937500000001,0.185140625
37000,1.5607953125,0.235640625,0.5801406250000001,0.18421875000000004
37100,1.5566296875000003,0.23335937500000004,0.5840312499999999,0.18260937500000002
37200,1.5548640625000003,0.23382812500000003,0.5854374999999999,0.18073437499999997
37300,1.5540328124999994,0.2343281250000001,0.5879062499999999,0.17776562500000007
37400,1.54999375,0.233171875,0.5918281249999999,0.175
37500,1.5513968750000005,0.232765625,0.5896250000000002,0.17760937499999996
37600,1.5530921875,0.23428125000000002,0.58675,0.17896874999999998
37700,1.5513109375,0.23217187500000003,0.59025,0.177578125
37800,1.5527140625,0.23160937499999998,0.5878281249999999,0.18056250000000007
37900,1.5492968750000005,0.2312187500000001,0.5904062499999999,0.1783750000000001
38000,1.5473718749999994,0.23021874999999997,0.5908125,0.17896875000000004
38100,1.5488984375000006,0.23006250000000003,0.588703125,0.181234375
38200,1.5511218749999998,0.23204687499999999,0.5877500000000001,0.18020312500000005
38300,1.5521984375000002,0.232546875,0.5872343750000001,0.18021875000000004
38400,1.55139375,0.23262500000000003,0.5893281250000001,0.17804687500000002
38500,1.5516015625000001,0.23254687500000001,0.5861875000000001,0.18126562499999999
38600,1.5532750000000002,0.23395312499999996,0.5887812499999998,0.177265625
38700,1.5609468749999997,0.2381875,0.5859687499999999,0.1758437499999999
38800,1.5605328125000004,0.237765625,0.585859375,0.17637500000000003
38900,1.5591421875000004,0.23701562500000004,0.586703125,0.17628125000000003
39000,1.5571187499999999,0.23578125,0.58790625,0.17631249999999996
39100,1.55450625,0.23375000000000007,0.5892187499999997,0.17703125
39200,1.5524249999999997,0.23378125,0.5892812499999999,0.1769375
39300,1.5531374999999998,0.23471874999999992,0.5884218750000002,0.176859375
39400,1.5530562500000002,0.233359375,0.58584375,0.180796875
39500,1.55424375,0.233234375,0.5858593749999998,0.18090625000000002
39600,1.5503046874999993,0.23256250000000012,0.587515625,0.17992187500000004
39700,1.5516984375000002,0.23364062500000005,0.58796875,0.1783906249999999
39800,1.5512312499999996,0.23431250000000003,0.5926562499999999,0.17303124999999991
39900,1.5517140625000003,0.23571874999999998,0.5945624999999999,0.16971875
40000,1.5547812499999998,0.23621875000000003,0.59078125,0.17299999999999993
40100,1.5554875000000004,0.23709375,0.5896250000000001,0.17328124999999997
40200,1.5535515625000003,0.237109375,0.5920625,0.17082812500000005
40300,1.5528437500000003,0.23612499999999992,0.5903906250000002,0.17348437499999997
40400,1.5557921875000003,0.23715625000000004,0.587859375,0.174984375
40500,1.5585609375000002,0.23739062500000005,0.5846874999999999,0.177921875
40600,1.5606953124999998,0.23998437499999997,0.5843281249999999,0.17568750000000005
40700,1.5628390625000002,0.240859375,0.5834375000000002,0.17570312499999996
40800,1.5642031249999995,0.24064062499999997,0.5833593749999999,0.176
40900,1.5682437499999997,0.24181250000000004,0.579125,0.17906250000000004
41000,1.5739703124999997,0.24495312500000002,0.5788124999999997,0.17623437500000003
41100,1.5762984374999998,0.24667187499999998,0.578171875,0.17515625000000007
41200,1.5752296875,0.24504687500000008,0.5754375,0.1795156250000001
41300,1.5753156250000002,0.24490625000000002,0.5759218750000001,0.17917187499999992
41400,1.5782906249999997,0.24492187499999996,0.5730625000000001,0.18201562500000004
41500,1.5800921875000002,0.24604687499999994,0.573984375,0.17996874999999993
41600,1.5773906249999992,0.24506249999999996,0.5765625,0.17837499999999998
41700,1.57698125,0.245890625,0.5777968749999997,0.17631249999999996
41800,1.5808890624999998,0.248265625,0.575546875,0.17618749999999994
41900,1.5788328125000002,0.24737499999999996,0.5749531250000001,0.17767187499999998
42000,1.5823265625000007,0.24801562499999996,0.5742656250000001,0.17771874999999995
42100,1.5819390624999994,0.24706250000000005,0.574828125,0.17810937499999993
42200,1.5803874999999994,0.24693749999999998,0.5759687500000003,0.17709374999999994
42300,1.5858468750000005,0.24956249999999994,0.5713593750000003,0.17907812499999998
42400,1.5888343750000002,0.25031250000000005,0.569375,0.1803125
42500,1.5882999999999994,0.25140625,0.56984375,0.17874999999999994
42600,1.5858125,0.250984375,0.5713906249999999,0.177625
42700,1.5865468749999998,0.251109375,0.5716249999999999,0.177265625
42800,1.5876453125,0.251859375,0.570390625,0.17774999999999996
42900,1.5926875000000005,0.253796875,0.5656562500000001,0.18054687500000002
43000,1.590028125,0.25340625,0.5670625000000001,0.17953125000000003
43100,1.5912078125,0.25307812500000004,0.5676874999999998,0.17923437499999997
43200,1.5943609374999994,0.255078125,0.5681093750000001,0.1768124999999999
43300,1.591315625,0.25471875000000005,0.5697968750000002,0.17548437500000003
43400,1.5916421875,0.25362500000000004,0.566703125,0.17967187499999998
43500,1.587525,0.25212499999999993,0.5720312500000002,0.17584375000000005
43600,1.5858796875000003,0.2503437500000001,0.5724843750000002,0.17717187499999998
43700,1.5808109375000001,0.24895312499999994,0.5794687500000001,0.171578125
43800,1.5781343750000003,0.24773437499999998,0.581515625,0.17074999999999999
43900,1.5739687500000004,0.24579687499999997,0.5817187500000001,0.172484375
44000,1.5715484375000004,0.245515625,0.582921875,0.17156249999999998
44100,1.573275,0.245828125,0.58178125,0.17239062500000002
44200,1.5768546875000002,0.24649999999999997,0.5774218749999999,0.17607812500000006
44300,1.5789890625000003,0.24870312500000005,0.5749375,0.17635937499999998
44400,1.5793343750000002,0.24792187499999999,0.5729374999999999,0.17914062500000003
44500,1.5790078125000007,0.24678124999999992,0.575734375,0.177484375
44600,1.5798515624999998,0.24596874999999996,0.574484375,0.179546875
44700,1.5769656250000001,0.2449531250000001,0.5742187499999999,0.180828125
44800,1.5796999999999994,0.2474375,0.5741406250000001,0.17842187499999995
44900,1.5834109374999996,0.24860937500000005,0.5714687500000001,0.17992187500000004
45000,1.5817125000000005,0.24749999999999994,0.573578125,0.17892187499999998
45100,1.577993750000001,0.24620312500000005,0.5745156250000001,0.17928125
45200,1.5788062499999997,0.24789062500000006,0.576265625,0.17584375000000002
45300,1.5763859375,0.2469375000000001,0.577484375,0.175578125
45400,1.5803437500000004,0.24764062499999998,0.575828125,0.17653124999999997
45500,1.5815843749999998,0.247546875,0.5731093750000003,0.17934375
45600,1.5807296875,0.24696875000000004,0.5733281250000001,0.179703125
45700,1.5813171874999996,0.24757812500000004,0.574,0.17842187499999998
45800,1.5806453125000006,0.24667187500000004,0.5777968750000001,0.17553125000000006
45900,1.57766875,0.245421875,0.5777187500000001,0.17685937499999996
46000,1.5783718749999998,0.24643749999999998,0.5786718750000002,0.174890625
46100,1.5779093750000004,0.24579687499999994,0.5796718749999998,0.17453125000000005
46200,1.5738312499999996,0.24376562499999993,0.578140625,0.17809375
46300,1.5687296875,0.24029687500000005,0.5818437500000001,0.17785937500000007
46400,1.5661703125000004,0.24068749999999994,0.5821875000000002,0.177125
46500,1.567675,0.24028125000000009,0.5815624999999998,0.17815625000000002
46600,1.5691625,0.24065625,0.580078125,0.17926562499999996
46700,1.5679406249999999,0.24081250000000004,0.5803749999999999,0.17881249999999993
46800,1.5720281249999999,0.24273437499999992,0.5773749999999999,0.179890625
46900,1.5729718749999997,0.24292187499999993,0.578859375,0.17821874999999998
47000,1.5710593750000001,0.24315625000000002,0.5802968749999999,0.17654687499999996
47100,1.5706999999999998,0.243640625,0.5798749999999999,0.17648437499999997
47200,1.5730437499999999,0.24325,0.5781093749999999,0.178640625
47300,1.5729687499999994,0.24539062499999992,0.5806718749999998,0.17393749999999997
47400,1.5739453124999998,0.24629687499999994,0.5801562499999999,0.17354687500000002
47500,1.5769937499999997,0.247703125,0.5798750000000001,0.17242187499999997
47600,1.579128125,0.24729687500000005,0.5760156250000001,0.17668750000000003
47700,1.5803031250000001,0.249328125,0.5755625000000001,0.175109375
47800,1.5809031249999996,0.2483749999999999,0.57434375,0.17728125
47900,1.5824359375,0.24814062500000014,0.570484375,0.18137499999999995
48000,1.5815593750000003,0.24739062500000006,0.5685468749999999,0.18406249999999996
48100,1.5824875000000003,0.24664062499999997,0.5686718750000002,0.1846875
48200,1.5853078125000002,0.24801562500000007,0.5691406249999996,0.18284375000000005
48300,1.5928546875000003,0.25165624999999997,0.5642343750000001,0.184109375
48400,1.5969781249999992,0.253859375,0.5624062500000001,0.183734375
48500,1.5981031249999997,0.25614062500000007,0.564953125,0.17890625000000002
48600,1.5976625000000004,0.25448437500000004,0.5665468749999997,0.17896874999999995
48700,1.5937765625,0.25265624999999997,0.5696875,0.17765625
48800,1.5882390624999994,0.25078124999999996,0.5715937499999999,0.17762500000000006
48900,1.5841171874999995,0.24978124999999993,0.5734531249999999,0.17676562500000004
49000,1.5821734374999998,0.24881249999999996,0.5775156250000002,0.173671875
49100,1.5804046875000004,0.24924999999999997,0.5781093750000001,0.1726406249999999
49200,1.57915,0.24807812499999998,0.5772187500000003,0.17470312500000001
49300,1.5769124999999997,0.24659374999999997,0.577796875,0.17560937499999996
49400,1.5761124999999996,0.24592187499999996,0.575203125,0.17887499999999998
49500,1.5749421875,0.24403124999999995,0.57459375,0.181375
49600,1.5734156249999998,0.24357812499999998,0.5761562499999997,0.18026562499999998
49700,1.5752624999999998,0.24535937500000002,0.5752343750000002,0.17940625
49800,1.5754015625,0.24464062499999994,0.5743281249999999,0.18103124999999998
49900,1.5769468750000002,0.244875,0.57446875,0.18065625
50000,1.5789828125,0.24539062500000008,0.5727187500000002,0.18189062499999997
50100,1.5817453124999998,0.24673437499999984,0.572015625,0.18125000000000002
50200,1.5772187500000001,0.245953125,0.5775937499999998,0.17645312500000002
50300,1.5761499999999993,0.24537500000000007,0.5786093749999999,0.17601562500000006
50400,1.574309375,0.24475000000000005,0.581171875,0.17407812499999997
50500,1.5697296875,0.24307812500000003,0.5831875000000001,0.17373437499999997
50600,1.5683546875,0.24203124999999998,0.5845312500000001,0.17343750000000008
50700,1.5684296874999997,0.241890625,0.5832656250000001,0.17484375000000002
50800,1.5699578124999995,0.24215624999999996,0.5808906249999999,0.17695312499999996
50900,1.5721031250000002,0.24315625000000002,0.5778281250000002,0.17901562499999996
51000,1.5723531250000002,0.24462499999999998,0.5801718749999996,0.175203125
51100,1.5705937500000005,0.24445312499999994,0.5825624999999999,0.17298437499999994
51200,1.5695624999999997,0.24209375000000005,0.5824375,0.1754687500000001
51300,1.5700187500000007,0.24082812500000003,0.581234375,0.1779375
51400,1.5692609374999997,0.24001562500000004,0.5783124999999999,0.18167187499999998
51500,1.5668546874999993,0.240921875,0.578859375,0.18021874999999993
51600,1.5693078124999997,0.241703125,0.5774531249999999,0.18084374999999997
51700,1.5663796875000007,0.2404531249999999,0.5801875,0.179359375
51800,1.5679125000000003,0.23985937500000007,0.5792343749999999,0.18090624999999994
51900,1.5656734375000005,0.23815624999999996,0.5809687499999999,0.18087500000000006
52000,1.5631875,0.23817187500000006,0.5830937500000001,0.178734375
52100,1.5643890625000005,0.240390625,0.58334375,0.176265625
52200,1.5645984375000006,0.239984375,0.5842031249999998,0.17581249999999998
52300,1.5601265624999996,0.23892187499999998,0.5865937499999997,0.174484375
52400,1.5549593749999997,0.23664062500000008,0.5908437499999999,0.172515625
52500,1.5525421874999998,0.23485937499999998,0.5925937499999998,0.172546875
52600,1.5537281250000006,0.23506250000000006,0.5912343749999999,0.17370312499999999
52700,1.5532281249999997,0.23528125000000003,0.590359375,0.174359375
52800,1.55025625,0.23551562500000006,0.595921875,0.16856249999999998
52900,1.5511593750000006,0.23568750000000008,0.5937968750000002,0.17051562500000003
53000,1.5538218749999997,0.23889062499999997,0.5927031250000001,0.16840625000000004
53100,1.5589515625000003,0.23939062499999997,0.5891874999999996,0.17142187500000006
53200,1.5648156250000005,0.24059375,0.584953125,0.17445312499999993
53300,1.5630265625000002,0.238625,0.5843906249999999,0.17698437500000003
53400,1.5602359375000001,0.237296875,0.5863906250000002,0.17631250000000004
53500,1.5600265624999996,0.23835937499999996,0.5852812500000001,0.17635937499999998
