step,mean_aspect_ratio,fraction_elongated,fraction_round,fraction_binary
100,1.0,0.0,1.0,0.0
200,1.3041687499999999,0.029062499999999995,0.36203124999999997,0.6089062500000002
300,1.3792453125000006,0.06893750000000001,0.3786718750000002,0.5523906250000002
400,1.4303265624999997,0.10598437500000002,0.4229531250000001,0.4710625
500,1.4708562499999993,0.139515625,0.4679062499999998,0.392578125
600,1.5068468749999997,0.17051562499999998,0.49251562500000007,0.33696875000000004
700,1.5361609375000005,0.195421875,0.5095624999999999,0.29501562499999995
800,1.5610312499999999,0.2165000000000001,0.5185312499999999,0.26496875000000003
900,1.58553125,0.23409375000000016,0.5185156249999998,0.24739062499999998
1000,1.6025375,0.24560937499999996,0.5203749999999999,0.234015625
1100,1.6166546874999996,0.25687499999999996,0.5197031249999999,0.22342187499999996
1200,1.627096875,0.26515625000000004,0.520359375,0.21448437500000006
1300,1.641653125,0.27364062499999997,0.5144218749999999,0.21193750000000003
1400,1.6567109374999998,0.2824687500000001,0.5071875,0.21034374999999994
1500,1.6675515625000001,0.29020312499999995,0.503125,0.20667187500000003
1600,1.6767984375000002,0.29589062499999996,0.498140625,0.20596874999999998
1700,1.6915656250000004,0.302171875,0.489859375,0.20796875000000006
1800,1.7048843750000002,0.30934375,0.48084374999999996,0.2098125
1900,1.7111906250000006,0.312015625,0.47829687500000007,0.2096875
2000,1.7231374999999995,0.3185624999999999,0.47359375000000004,0.20784374999999994
2100,1.7349328124999996,0.3252968750000001,0.46820312499999983,0.20650000000000004
2200,1.7445953125000002,0.33278125,0.4648281249999999,0.20239062500000005
2300,1.755059375,0.33834375,0.45815624999999993,0.20349999999999996
2400,1.7657562499999997,0.3431718749999999,0.4523281250000001,0.20450000000000004
2500,1.7763390625,0.34623437500000015,0.4454531250000001,0.20831249999999996
2600,1.7844171874999997,0.34871875,0.43871875000000005,0.21256249999999996
2700,1.7931062499999995,0.35334375000000007,0.433390625,0.21326562499999993
2800,1.8026687500000003,0.35771875000000003,0.428234375,0.21404687499999997
2900,1.816228125,0.36262500000000003,0.420953125,0.216421875
3000,1.8221171875,0.36575,0.4191718749999999,0.21507812500000004
3100,1.8217828124999995,0.36710937499999996,0.42200000000000004,0.21089062499999997
3200,1.8283796875000005,0.37204687499999994,0.41923437499999994,0.20871874999999995
3300,1.8320343749999994,0.37426562499999994,0.4191093749999999,0.20662499999999998
3400,1.8293968750000003,0.3751875000000002,0.4229999999999999,0.2018125
3500,1.8323515625,0.37821874999999994,0.421875,0.19990624999999992
3600,1.8319500000000006,0.3787500000000001,0.42496874999999995,0.19628125000000002
3700,1.8328078124999994,0.37982812500000007,0.4263125000000002,0.19385937500000003
3800,1.8345718750000004,0.3817812500000002,0.424359375,0.19385937500000006
3900,1.8303203125000005,0.3804843750000001,0.42815625,0.191359375
4000,1.8315890624999998,0.38000000000000006,0.4242187499999999,0.19578125
4100,1.8346,0.38012499999999994,0.4228281249999999,0.19704687500000007
4200,1.8330078124999998,0.37965625,0.4233281249999999,0.19701562500000003
4300,1.8323203125000003,0.38009374999999995,0.42323437500000005,0.1966718749999999
4400,1.8340187500000005,0.3804687499999999,0.425375,0.19415624999999997
4500,1.8336062499999999,0.380046875,0.4228124999999999,0.19714062499999996
4600,1.8371109375000003,0.379078125,0.41848437499999996,0.2024375
4700,1.8348906250000003,0.378609375,0.421,0.20039062500000002
4800,1.834584375,0.37923437500000007,0.421375,0.19939062500000007
4900,1.8333093750000002,0.3782812499999999,0.42106250000000006,0.20065624999999998
5000,1.8334265625,0.3777499999999999,0.4206250000000001,0.201625
5100,1.833684375,0.37878125,0.4217812500000001,0.1994375
5200,1.8366781249999997,0.38053125000000004,0.42107812500000014,0.1983906250000001
5300,1.8438078125000001,0.3842187499999999,0.4192499999999999,0.19653125000000002
5400,1.8443687500000003,0.38659375,0.4196718750000001,0.193734375
5500,1.8478140625000004,0.3880312500000001,0.41742187500000005,0.19454687499999992
5600,1.8539406250000006,0.39067187499999995,0.41065625,0.198671875
5700,1.8617078125000004,0.393625,0.4062968750000001,0.20007812499999997
5800,1.8658562500000004,0.39606250000000004,0.402671875,0.20126562499999998
5900,1.8722140625,0.39978125,0.39965625,0.2005625
6000,1.8729859375000006,0.40015625000000005,0.3998593749999999,0.19998437500000002
6100,1.8732375000000003,0.39934374999999994,0.40009374999999997,0.2005625
6200,1.8745859375000007,0.40021874999999985,0.3977187499999999,0.2020625
6300,1.8793374999999994,0.40154687499999986,0.39467187499999984,0.20378124999999997
6400,1.885374999999999,0.40374999999999983,0.38928124999999986,0.20696875
6500,1.8890109375,0.40440624999999997,0.38776562500000006,0.20782812499999995
6600,1.8938625,0.407765625,0.38590625,0.206328125
6700,1.8908359375000001,0.4055468749999999,0.38935937499999995,0.20509374999999996
6800,1.8913687499999998,0.4072656250000002,0.38806250000000014,0.20467187499999998
6900,1.89394375,0.40907812499999985,0.38620312499999987,0.20471875000000003
7000,1.8978828125,0.408640625,0.38184375000000015,0.20951562499999998
7100,1.9036484375000002,0.41015625,0.3774531250000001,0.21239062500000006
7200,1.9077828125000005,0.411984375,0.3752499999999999,0.21276562500000007
7300,1.9088984374999998,0.4131249999999998,0.3772812499999998,0.20959375000000005
7400,1.9092218749999994,0.41592187499999994,0.38151562499999975,0.20256249999999998
7500,1.9065796874999996,0.4153593750000001,0.3841875000000002,0.20045312500000007
7600,1.9032249999999997,0.41382812499999994,0.384234375,0.2019375000000001
7700,1.9025171875000002,0.41507812500000024,0.3844062500000001,0.20051562500000003
7800,1.8966453124999993,0.41098437500000007,0.38871874999999995,0.20029687499999999
7900,1.8948578124999993,0.4110625,0.39125,0.19768749999999996
8000,1.8967531250000003,0.41214062500000004,0.39139062500000005,0.19646875000000008
8100,1.8938999999999997,0.41196875,0.3936875,0.19434375000000004
8200,1.8941749999999995,0.4129999999999999,0.39387499999999986,0.19312500000000005
8300,1.9000687499999995,0.415015625,0.38987499999999997,0.195109375
8400,1.9039593749999992,0.41804687499999993,0.38599999999999995,0.195953125
8500,1.9065328124999998,0.41737500000000005,0.38560937500000014,0.197015625
8600,1.9084140625,0.4194374999999999,0.385421875,0.19514062499999996
8700,1.9091109375,0.4215156250000001,0.38673437500000024,0.1917500000000001
8800,1.9089843749999997,0.4198125,0.38703125000000005,0.19315624999999995
8900,1.9045624999999997,0.41796875,0.39026562499999995,0.19176562500000002
9000,1.9005515625,0.4165937500000001,0.39179687499999993,0.191609375
9100,1.9015921875,0.41725000000000007,0.390765625,0.19198437500000004
9200,1.9032703125,0.417984375,0.38964062499999996,0.192375
9300,1.9089265625000003,0.42045312500000004,0.38537499999999997,0.19417187499999997
9400,1.9114000000000004,0.41957812499999997,0.38076562500000016,0.19965625000000004
9500,1.9163406250000004,0.4218593749999999,0.37978125000000007,0.19835937499999995
9600,1.9195203125000004,0.423953125,0.378390625,0.19765624999999995
9700,1.9272203124999994,0.4271249999999999,0.370734375,0.20214062499999996
9800,1.9311453125000002,0.4290156250000001,0.37026562499999993,0.20071875
9900,1.9331109375,0.4302343750000001,0.36796875,0.20179687500000001
10000,1.9344000000000001,0.43126562500000004,0.3676406249999999,0.20109375000000002
10100,1.933403125,0.43210937500000013,0.371125,0.19676562500000006
10200,1.9375546875,0.435203125,0.3690156249999999,0.19578125
10300,1.9420593750000004,0.43753125000000004,0.364125,0.19834374999999996
10400,1.9427453125000007,0.435203125,0.36231250000000004,0.20248437499999997
10500,1.942475,0.43426562500000004,0.36321875,0.20251562500000003
10600,1.9398281249999996,0.43229687499999997,0.365296875,0.20240625000000004
10700,1.9379296875000005,0.4310781250000001,0.3665937499999999,0.20232812500000005
10800,1.9349031250000002,0.43176562499999976,0.36937499999999995,0.19885937500000003
10900,1.9390171875,0.4336562500000001,0.36540625,0.20093750000000007
11000,1.9450406250000003,0.43595312500000005,0.3622968750000001,0.20174999999999996
11100,1.9430499999999993,0.4344218750000001,0.364484375,0.20109375000000004
11200,1.9378734375,0.43396874999999985,0.3712343750000002,0.194796875
11300,1.9306484374999995,0.4311093750000001,0.3767500000000001,0.19214062499999995
11400,1.9253718749999993,0.42764062500000016,0.37845312499999995,0.19390625000000003
11500,1.9198765625,0.42512499999999986,0.378296875,0.19657812499999994
11600,1.9130109375,0.4210312499999998,0.383546875,0.19542187499999997
11700,1.9107593749999996,0.4206875000000001,0.38549999999999995,0.19381249999999997
11800,1.9105484374999993,0.42056249999999995,0.38640624999999995,0.19303125
11900,1.9106359375000002,0.420484375,0.38449999999999984,0.19501562500000003
12000,1.9118093750000003,0.4206718749999999,0.3826093749999999,0.19671874999999994
12100,1.9155281249999994,0.42246875000000006,0.37945312500000006,0.19807812499999997
12200,1.914296875,0.42203125,0.3824843750000001,0.195484375
12300,1.915159375,0.4215312500000001,0.38020312500000003,0.198265625
12400,1.9135546874999998,0.42048437499999985,0.37943750000000015,0.20007812500000002
12500,1.9113296874999994,0.41828125000000005,0.38175000000000003,0.19996875000000003
12600,1.9137999999999997,0.421078125,0.38103125,0.197890625
12700,1.921082812500001,0.42564062500000005,0.3786562500000001,0.19570312500000003
12800,1.9285156249999995,0.42873437499999995,0.371625,0.199640625
12900,1.9283968749999998,0.4290937499999999,0.37110937499999985,0.19979687499999998
13000,1.9289234375,0.42974999999999985,0.3727656250000001,0.19748437500000002
13100,1.927684375,0.42704687499999994,0.372328125,0.20062499999999997
13200,1.9278609374999995,0.42757812500000003,0.37198437500000003,0.2004375
13300,1.9336640625000001,0.4323750000000001,0.3683749999999999,0.19924999999999998
13400,1.9347328125000003,0.43335937499999994,0.36957812500000004,0.19706249999999995
13500,1.9332171875000006,0.43178125000000006,0.36968749999999995,0.19853125000000008
13600,1.9386531250000003,0.4353906249999998,0.36651562499999996,0.19809374999999996
13700,1.9410609375,0.43540624999999994,0.3634687500000002,0.20112499999999997
13800,1.94385625,0.43700000000000006,0.36378125,0.19921875000000006
13900,1.9452359374999997,0.4373749999999999,0.36284375000000013,0.19978125
14000,1.9466031250000002,0.43881250000000005,0.3620625,0.19912499999999994
14100,1.94614375,0.4387500000000001,0.3641249999999998,0.19712500000000005
14200,1.9516968749999999,0.4433906250000001,0.3616875,0.19492187499999994
14300,1.9561812499999993,0.44667187499999994,0.35809375,0.195234375
14400,1.9620031249999998,0.45087500000000014,0.35737500000000016,0.19175000000000003
14500,1.9611125000000005,0.44910937500000014,0.35712500000000014,0.19376562500000002
14600,1.9553421875000003,0.446890625,0.362421875,0.19068750000000007
14700,1.9533078124999999,0.44703125,0.364796875,0.188171875
14800,1.9563906250000005,0.44835937500000006,0.36062500000000003,0.19101562499999997
14900,1.9642812499999998,0.45001562500000003,0.35415625,0.19582812500000005
15000,1.9686406249999995,0.45195312499999996,0.3510781250000002,0.19696875
15100,1.9755796875000002,0.45560937499999987,0.3463125,0.198078125
15200,1.9818390625000006,0.458484375,0.34343749999999995,0.198078125
15300,1.9894531250000005,0.463,0.34051562500000015,0.196484375
15400,1.9918953125000005,0.4648593749999999,0.3403125,0.19482812499999996
15500,1.9935437499999997,0.4662343750000001,0.34059375000000014,0.19317187499999994
15600,1.9958515625,0.4656874999999999,0.33832812500000004,0.19598437499999993
15700,1.9936437499999997,0.4646093750000001,0.3410625,0.19432812499999996
15800,1.9900437500000001,0.462703125,0.34290625,0.19439062500000007
15900,1.9910750000000004,0.461890625,0.3413124999999999,0.196796875
16000,1.9898343749999998,0.4622656249999999,0.3411875,0.19654687500000004
16100,1.9919109375000001,0.46359374999999975,0.34026562499999985,0.19614062499999993
16200,1.9945046875000005,0.465578125,0.3402968749999999,0.194125
16300,1.9968453125000005,0.4679531249999999,0.33975,0.19229687499999998
16400,1.9966671875000002,0.46782812500000004,0.34042187500000004,0.19174999999999998
16500,1.9981937499999998,0.46834375,0.3408906249999999,0.190765625
16600,1.9978984375,0.4681875000000002,0.33928125,0.19253124999999993
16700,1.9955296875000006,0.46706249999999994,0.340359375,0.19257812500000002
16800,1.9967375000000005,0.4659843749999999,0.3390937499999999,0.19492187500000002
16900,1.9939249999999993,0.4657343750000001,0.34296874999999993,0.191296875
17000,1.993810937500001,0.4649375,0.34129687500000006,0.19376562499999997
17100,1.9902687500000003,0.46281249999999996,0.3436093749999999,0.193578125
17200,1.9867031250000002,0.460796875,0.3434062499999999,0.19579687499999995
17300,1.9857406249999998,0.4607187499999999,0.34278125,0.19650000000000004
17400,1.9865406250000006,0.4611875000000001,0.343015625,0.19579687500000006
17500,1.9910859375000005,0.46265625000000005,0.34098437499999995,0.196359375
17600,1.9915828125000006,0.46345312499999985,0.34057812499999995,0.19596874999999997
17700,1.993653125,0.46678124999999987,0.34312499999999996,0.19009375
17800,1.9959234374999997,0.46760937500000005,0.3421093750000002,0.19028125
17900,1.9972750000000001,0.4660000000000001,0.3378906249999999,0.196109375
18000,1.9992703125000004,0.46789062500000006,0.337765625,0.19434374999999995
18100,2.0042390624999995,0.47075000000000006,0.33434375,0.19490625
18200,2.0068937500000006,0.47068750000000004,0.33295312499999996,0.19635937499999997
18300,2.01009375,0.472171875,0.3297187499999999,0.19810937499999995
18400,2.0106078125,0.4743281250000001,0.3323750000000001,0.19329687499999995
18500,2.0110015625,0.4730156250000001,0.330546875,0.19643750000000007
18600,2.0124687500000005,0.4719843750000003,0.32868749999999997,0.19932812500000002
18700,2.0149953125,0.4740468749999999,0.32995312499999985,0.196
18800,2.015528125,0.47515625,0.33046875,0.194375
18900,2.0114921874999996,0.4737500000000001,0.33331249999999996,0.1929375
19000,2.011345312500001,0.474515625,0.3322656249999999,0.19321875000000002
19100,2.0107078124999997,0.4739531250000001,0.3320312499999999,0.194015625
19200,2.0066734375,0.4719687500000001,0.33434375000000005,0.19368749999999998
19300,2.008778125,0.4720156250000001,0.332,0.19598437500000007
19400,2.0077312500000004,0.47239062499999995,0.33187500000000003,0.19573437500000004
19500,2.0124203124999993,0.47423437499999993,0.3300468750000001,0.19571875000000002
19600,2.015978124999999,0.4749375000000001,0.32774999999999993,0.1973125
19700,2.014540625,0.4746718749999999,0.32826562499999984,0.19706249999999997
19800,2.0152921875000005,0.4731406249999998,0.32676562499999995,0.20009375000000004
19900,2.0154796875,0.4727812500000001,0.325328125,0.20189062499999996
20000,2.0118421874999997,0.470390625,0.32640624999999995,0.20320312499999993
20100,2.0096953125,0.4707187500000001,0.33112500000000006,0.1981562499999999
20200,2.0060671875,0.4705312500000002,0.33270312500000004,0.196765625
20300,2.0014125000000003,0.46699999999999997,0.33440625000000007,0.19859375
20400,2.0000859374999993,0.466765625,0.3371874999999999,0.19604687499999995
20500,1.997546875,0.465265625,0.34014062500000003,0.19459374999999998
20600,1.9967999999999997,0.46396875,0.3399218750000001,0.196109375
20700,1.9942671875000002,0.463828125,0.34070312500000005,0.19546875000000002
20800,1.9923046874999997,0.4629843750000001,0.343,0.19401562500000008
20900,1.9910859374999996,0.4615624999999999,0.34181249999999996,0.19662500000000005
21000,1.9904656250000003,0.4620156250000001,0.34271874999999996,0.19526562499999997
21100,1.9870765625000006,0.459453125,0.34457812500000007,0.19596875
21200,1.9885374999999998,0.46192187500000015,0.34384374999999995,0.19423437500000001
21300,1.9891640624999996,0.46209375,0.34318750000000003,0.19471875000000005
21400,1.9903531249999997,0.46315624999999994,0.34470312500000005,0.19214062499999998
21500,1.9906062499999995,0.46567187500000007,0.3434218749999998,0.19090625
21600,1.9934109374999995,0.4661562500000001,0.34495312499999986,0.18889062500000003
21700,1.9979999999999996,0.4694062499999999,0.3406875,0.18990625000000005
21800,1.9960937499999998,0.46920312500000005,0.34157812499999995,0.18921875000000002
21900,1.9992953125000001,0.46890624999999997,0.33976562500000007,0.191328125
22000,1.9965359374999998,0.46851562499999994,0.341234375,0.19024999999999995
22100,1.9940343749999991,0.4679375,0.34254687500000003,0.18951562499999997
22200,1.9967031249999998,0.46714062499999986,0.33978125,0.19307812499999996
22300,1.9983390625,0.46737500000000026,0.33729687499999994,0.19532812500000002
22400,2.0000124999999995,0.4670156250000001,0.3355,0.19748437500000005
22500,1.9985062500000002,0.4664843750000001,0.33839062499999994,0.19512500000000008
22600,1.9966171875,0.46578125000000004,0.33917187500000007,0.19504687500000004
22700,1.9989593749999996,0.467515625,0.33917187500000007,0.1933125
22800,2.0014593749999996,0.46765625,0.33434375000000005,0.1980000000000001
22900,2.0035874999999996,0.46945312500000014,0.33400000000000013,0.1965468750000001
23000,2.0065703125,0.47178125000000004,0.33378125000000003,0.1944375
23100,2.0080796875,0.47259375000000015,0.331109375,0.196296875
23200,2.009559375,0.47473437499999993,0.3328437500000001,0.19242187500000005
23300,2.01160625,0.47739062499999996,0.331453125,0.19115624999999994
23400,2.0109796875,0.474921875,0.33025000000000004,0.1948281250000001
23500,2.0085390625000006,0.47360937499999983,0.33121875000000006,0.195171875
23600,2.0065703124999996,0.47174999999999984,0.33231250000000007,0.19593750000000004
23700,2.004284375,0.46951562500000005,0.33425,0.19623437499999996
23800,2.0037015625000003,0.4704843750000001,0.3357812499999999,0.193734375
23900,2.0018031250000003,0.468625,0.33717187499999984,0.19420312500000006
24000,2.0005843750000007,0.46759375,0.3365781249999999,0.195828125
24100,1.9966968749999996,0.4657499999999999,0.3374999999999999,0.19675000000000004
24200,1.99785625,0.4659843750000001,0.3361250000000001,0.197890625
24300,1.9974109375,0.46673437500000015,0.33671875,0.19654687499999995
24400,2.0002734374999993,0.468328125,0.33425,0.19742187499999997
24500,2.000378125,0.46806249999999977,0.33560937499999993,0.196328125
24600,1.9983515625,0.46634375,0.33571875,0.1979375
24700,1.9985468749999997,0.46670312499999994,0.337609375,0.19568750000000001
24800,2.002556250000001,0.46839062500000006,0.335625,0.19598437499999993
24900,2.0028265624999997,0.4694999999999999,0.334328125,0.19617187500000005
25000,2.0007625,0.46934374999999995,0.33790625000000024,0.19274999999999995
25100,2.0008437499999996,0.4698125,0.337890625,0.19229687499999998
25200,2.0030468750000003,0.47228125000000004,0.33790625,0.18981250000000002
25300,2.0056359375,0.473578125,0.3367031250000001,0.18971874999999996
25400,2.0048593749999997,0.47253125,0.33782812500000003,0.18964062499999995
25500,2.0055359375,0.4726718750000001,0.335859375,0.19146875
25600,2.0081749999999996,0.4715,0.33282812500000003,0.19567187500000002
25700,2.0082031250000005,0.47204687500000003,0.33195312500000007,0.19600000000000006
25800,2.0061828124999996,0.4713593749999999,0.3315000000000001,0.197140625
25900,2.0112374999999996,0.47268750000000015,0.32882812500000014,0.198484375
26000,2.0156781249999995,0.4758593750000001,0.32587499999999997,0.19826562500000003
26100,2.019859375,0.4769218749999999,0.32467187500000005,0.19840625000000006
26200,2.0180031250000003,0.4769374999999999,0.32743749999999994,0.19562500000000002
26300,2.0183531249999995,0.47825,0.32828125,0.1934687500000001
26400,2.0188546875,0.47978124999999994,0.32845312499999996,0.19176562500000002
26500,2.0162078125000003,0.479171875,0.331421875,0.18940624999999994
26600,2.0139078124999994,0.4762343750000001,0.3333124999999999,0.19045312500000006
26700,2.0117656250000002,0.4754843750000002,0.3328906249999999,0.19162499999999996
26800,2.004559375,0.472546875,0.33798437499999995,0.18946874999999994
26900,2.0009453125000003,0.472921875,0.3403125,0.18676562500000005
27000,1.9971171874999998,0.4723906250000001,0.34184375000000006,0.18576562499999993
27100,1.999296875,0.471453125,0.33910937500000005,0.18943749999999995
27200,2.0038640625000004,0.47328125000000004,0.3354687499999999,0.19124999999999998
27300,2.0078812499999996,0.47553124999999996,0.3329375,0.19153125
27400,2.01120625,0.4778906250000001,0.332765625,0.18934375000000006
27500,2.008684375,0.4774531250000002,0.334625,0.187921875
27600,2.0064296875,0.47384375,0.3358281250000001,0.1903281249999999
27700,2.0063640625,0.47254687500000003,0.335515625,0.19193750000000004
27800,2.006534375,0.47290625,0.3345156250000001,0.192578125
27900,2.0123437500000003,0.47653125,0.331578125,0.19189062499999998
28000,2.0151312499999996,0.47893749999999985,0.3327499999999999,0.18831250000000002
28100,2.0129125000000005,0.47771874999999997,0.33506249999999993,0.18721875000000004
28200,2.008546875,0.47565625000000006,0.337640625,0.18670312500000005
28300,2.0075453125000005,0.47571875,0.33817187500000007,0.18610937500000002
28400,2.0063375000000003,0.4750625000000001,0.337609375,0.187328125
28500,2.0013062500000003,0.47175,0.3407343750000001,0.187515625
28600,1.9991874999999995,0.4715156249999999,0.33835937499999996,0.19012499999999996
28700,1.9988218749999995,0.47007812499999996,0.33831249999999996,0.19160937500000005
28800,2.0027968750000005,0.4716249999999999,0.3379062499999999,0.19046875000000005
28900,2.0016671875,0.4714062499999999,0.33849999999999997,0.19009375000000003
29000,2.0043890625,0.4734999999999999,0.33793749999999995,0.18856249999999997
29100,2.0017109375,0.47309375000000004,0.33887500000000015,0.18803125000000004
29200,2.0023359374999994,0.47373437499999993,0.33817187500000007,0.18809374999999995
29300,2.0010453125,0.471734375,0.3383593750000001,0.18990625000000005
29400,2.0013,0.47257812500000007,0.3383593750000001,0.18906250000000002
29500,2.000871875,0.47357812500000007,0.3386718750000001,0.18775000000000006
29600,2.0007062500000004,0.4726562499999999,0.3384218750000001,0.18892187500000002
29700,1.99941875,0.470390625,0.33706250000000015,0.19254687500000006
29800,1.9969515624999992,0.4709843749999999,0.34214062500000014,0.18687500000000004
29900,1.9995703125000002,0.4721406249999999,0.3391718750000001,0.18868750000000004
30000,2.0033078125,0.4728750000000001,0.33609374999999997,0.19103124999999999
30100,2.0105109375,0.4759062499999999,0.33074999999999993,0.19334375000000004
30200,2.013221875,0.47595312500000003,0.3307656249999999,0.19328125
30300,2.0122374999999995,0.47401562499999994,0.32898437500000005,0.19700000000000004
30400,2.0112765625,0.473421875,0.329078125,0.19750000000000004
30500,2.0144734375,0.47534375000000006,0.32693749999999994,0.19771875000000003
30600,2.0194109375,0.477359375,0.3255468750000001,0.19709375
30700,2.0152828125,0.4750625000000002,0.32609375,0.19884375
30800,2.0140249999999997,0.47645312500000003,0.3308125000000001,0.19273437499999999
30900,2.01216875,0.4761718750000001,0.33468749999999997,0.189140625
31000,2.0098718749999995,0.47414062500000004,0.335890625,0.18996875000000008
31100,2.006645312499999,0.47364062500000004,0.33828125,0.18807812499999998
31200,1.9987640625,0.4690624999999998,0.34218749999999987,0.18874999999999992
31300,1.9952687499999995,0.4676875000000001,0.34275,0.18956250000000008
31400,1.9988593749999997,0.46906250000000016,0.3410781249999999,0.18985937499999997
31500,1.9967015624999997,0.46734375,0.3405937500000001,0.19206249999999997
31600,1.9960421874999996,0.46678125,0.34115625,0.1920625
31700,1.9953296875000004,0.46809375000000003,0.34165625,0.1902500000000001
31800,1.9922500000000005,0.4662656250000002,0.34260937500000005,0.19112500000000002
31900,1.9937031250000001,0.46559374999999986,0.34035937500000013,0.19404687500000004
32000,1.9956765625000001,0.46576562499999985,0.33920312500000005,0.19503125000000004
32100,1.9977390625000002,0.46637499999999993,0.337625,0.19599999999999998
32200,1.9994109374999998,0.4686250000000001,0.337234375,0.194140625
32300,2.0036593749999994,0.47029687499999995,0.33482812500000003,0.19487500000000005
32400,2.0083796875,0.4711875000000001,0.33145312499999985,0.19735937500000006
32500,2.0123687499999994,0.47400000000000025,0.328765625,0.197234375
32600,2.0115453125000005,0.472625,0.32939062500000005,0.19798437500000002
32700,2.008603125,0.47115624999999994,0.33125000000000004,0.19759375
32800,2.011215625,0.47489062499999984,0.3314062499999999,0.19370312499999998
32900,2.0129171875,0.4746250000000001,0.3278281249999999,0.197546875
33000,2.0123625000000005,0.47615624999999995,0.32909375,0.19475000000000003
33100,2.0163718750000004,0.47801562499999994,0.328125,0.19385937500000006
33200,2.0164343749999993,0.47904687499999987,0.329375,0.19157812500000004
33300,2.0179124999999996,0.47935937500000003,0.32909374999999996,0.19154687499999995
33400,2.01796875,0.47890624999999987,0.32803125000000005,0.19306250000000003
33500,2.0143531250000004,0.477109375,0.33035937499999984,0.19253125
33600,2.014634374999999,0.4779375,0.33020312500000004,0.191859375
33700,2.013934375,0.47509375000000026,0.329890625,0.19501562500000005
33800,2.0102890625,0.47395312500000003,0.33176562500000006,0.19428125
33900,2.0117765624999997,0.4743906249999999,0.33007812500000006,0.19553124999999996
34000,2.0160671875,0.47643750000000007,0.32832812499999997,0.19523437500000004
34100,2.0233843750000005,0.47867187500000025,0.32509375000000007,0.196234375
34200,2.0267296875,0.4812343749999998,0.322984375,0.19578125
34300,2.0279484375,0.48446875000000006,0.3224374999999999,0.19309375
34400,2.0316390625,0.48629687499999996,0.31967187500000005,0.19403125
34500,2.0267812499999995,0.4844999999999998,0.32359374999999985,0.19190625000000008
34600,2.0227234375000003,0.4816718749999999,0.3276406250000001,0.19068749999999998
34700,2.0204796875000004,0.47878125000000005,0.328125,0.19309374999999998
34800,2.0204328125,0.4795625,0.32853125000000005,0.19190625000000006
34900,2.0215390625,0.480875,0.3290312500000001,0.19009374999999995
35000,2.0177734375,0.4783906250000001,0.33028124999999997,0.19132812500000004
35100,2.0176484375,0.4782031250000002,0.33128125,0.19051562500000002
35200,2.0191640624999994,0.4785624999999998,0.3267812500000001,0.19465624999999995
35300,2.0171921874999996,0.47729687499999984,0.3285624999999999,0.194140625
35400,2.0154703125,0.4754999999999999,0.32849999999999996,0.19600000000000004
35500,2.0150203124999995,0.47587500000000005,0.328703125,0.195421875
35600,2.01838125,0.47748437500000007,0.3267343750000001,0.19578125000000007
35700,2.023398437500001,0.4785000000000002,0.3215312499999999,0.19996875000000003
35800,2.0243359375,0.47926562500000003,0.31926562500000016,0.20146874999999997
35900,2.0228015624999998,0.477796875,0.3239062499999999,0.19829687500000004
36000,2.0244984375000006,0.47870312499999995,0.32232812500000013,0.19896875
36100,2.0295359374999995,0.48151562500000017,0.31970312499999987,0.19878124999999996
36200,2.0331703125000002,0.48362499999999986,0.31848437500000004,0.19789062500000007
36300,2.0342312500000004,0.4835312500000001,0.31721874999999994,0.19925000000000004
36400,2.0343187499999997,0.48364062500000005,0.317609375,0.19875000000000007
36500,2.0365499999999996,0.486125,0.31750000000000006,0.19637500000000005
36600,2.0333203125000003,0.48546874999999995,0.318765625,0.19576562500000005
36700,2.0318109375,0.4852031250000002,0.32193749999999993,0.19285937499999992
36800,2.0261656250000004,0.48359374999999993,0.32671874999999995,0.18968749999999993
36900,2.0202437499999997,0.48004687500000004,0.3301093749999998,0.18984375000000003
37000,2.0165484374999996,0.47692187499999983,0.331265625,0.19181250000000002
37100,2.0143781249999995,0.474921875,0.33067187500000006,0.19440624999999997
37200,2.01430625,0.47459375,0.330765625,0.19464062499999998
37300,2.0152578124999994,0.47481249999999986,0.3316093750000001,0.193578125
37400,2.0141218749999994,0.47515624999999984,0.33290624999999996,0.19193749999999996
37500,2.01676875,0.47664062499999993,0.3302656249999999,0.19309374999999995
37600,2.0212031249999995,0.4785781249999998,0.3257343750000001,0.19568750000000001
37700,2.026075,0.48054687500000004,0.32165625000000003,0.19779687499999996
37800,2.030353125,0.4825625,0.3171406249999999,0.20029687500000004
37900,2.0312671875,0.48209374999999993,0.31715625,0.20074999999999998
38000,2.0339781250000004,0.48285937500000004,0.31573437499999996,0.20140624999999998
38100,2.0400937499999996,0.4869999999999999,0.3126562499999999,0.20034374999999996
38200,2.0443406250000002,0.48990625000000004,0.31000000000000005,0.20009374999999993
38300,2.046898437500001,0.491859375,0.310625,0.19751562500000003
38400,2.04795625,0.49190624999999993,0.310328125,0.19776562499999997
38500,2.04435625,0.49143750000000014,0.3141874999999999,0.1943749999999999
38600,2.045214062499999,0.49224999999999997,0.31370312499999997,0.19404687500000004
38700,2.04435625,0.490453125,0.3142968749999999,0.19525
38800,2.0453921875,0.49054687500000005,0.31549999999999995,0.19395312499999998
38900,2.04478125,0.49028125000000006,0.31368749999999995,0.19603125000000005
39000,2.0434109375,0.49046874999999973,0.316390625,0.193140625
39100,2.0458781249999998,0.49129687500000013,0.313640625,0.1950625
39200,2.0442796875,0.49151562499999996,0.31335937500000005,0.19512500000000005
39300,2.048437499999999,0.49407812500000003,0.3102187500000001,0.19570312500000003
39400,2.048771875,0.49398437500000003,0.30895312500000005,0.19706249999999997
39500,2.0517359375000006,0.49590625,0.308265625,0.19582812500000008
39600,2.0518624999999995,0.4973593750000001,0.30985937499999994,0.19278124999999996
39700,2.0507390625000004,0.4962187500000001,0.3119687499999999,0.19181250000000002
39800,2.0508046875000003,0.49640625000000005,0.3110625,0.19253125
39900,2.0487468749999995,0.49431249999999993,0.3129218749999999,0.19276562499999997
40000,2.050384375,0.49515625,0.310859375,0.19398437500000004
40100,2.0478499999999986,0.494140625,0.313640625,0.19221875000000002
40200,2.0485093749999996,0.49435937500000005,0.3135781250000001,0.19206250000000005
40300,2.0422031249999995,0.4892187500000001,0.31821875,0.19256249999999997
40400,2.0338296875,0.4856718750000001,0.32531250000000006,0.18901562499999996
40500,2.0256656250000002,0.4821249999999999,0.32801562500000003,0.18985937499999997
40600,2.0182906249999997,0.47809375,0.33075,0.19115625
40700,2.020253125,0.4771093749999999,0.3270625,0.19582812499999994
40800,2.0242343749999994,0.47829687499999973,0.3223906249999999,0.19931250000000003
40900,2.0316609374999994,0.4820312499999998,0.31664062500000006,0.20132812500000002
41000,2.035690625,0.48443749999999997,0.3158125000000001,0.19974999999999993
41100,2.0346843750000003,0.48365624999999995,0.31646874999999997,0.19987499999999994
41200,2.036753125,0.4860781250000001,0.31618749999999995,0.197734375
41300,2.0392781250000005,0.48685937500000015,0.3161875,0.19695312499999995
41400,2.0398453125000002,0.4894375000000001,0.3146406250000001,0.19592187499999997
41500,2.039934375,0.49023437500000006,0.315875,0.19389062500000004
41600,2.0431031249999996,0.4914843749999999,0.3139687500000001,0.19454687499999998
41700,2.0418375,0.49129687499999997,0.3170156250000001,0.1916875
41800,2.041853125,0.49065624999999985,0.3160000000000001,0.19334375
41900,2.0408640625,0.49026562500000004,0.31785937499999994,0.191875
42000,2.0399765624999993,0.4897343750000001,0.31817187499999994,0.19209374999999995
42100,2.0413359375,0.4913437499999999,0.31601562499999986,0.19264062499999995
42200,2.047159375,0.49460937499999985,0.3141875,0.191203125
42300,2.0499234375,0.4958906249999999,0.31303125000000015,0.191078125
42400,2.0503203125000002,0.49476562500000004,0.31154687500000017,0.1936875000000001
42500,2.04451875,0.49318750000000006,0.31703124999999993,0.18978124999999996
42600,2.0457843749999998,0.4917343750000001,0.31482812500000007,0.19343749999999998
42700,2.043506249999999,0.4902499999999999,0.31673437499999996,0.19301562499999994
42800,2.0412343749999997,0.488921875,0.31567187499999994,0.19540625
42900,2.0399015625,0.48665625,0.31509375,0.19824999999999995
43000,2.0368156250000005,0.48557812500000014,0.31623437499999996,0.19818750000000004
43100,2.040978124999999,0.48543749999999997,0.31140625000000016,0.20315624999999998
43200,2.043671875,0.4873906249999998,0.3083281249999999,0.20428125000000003
43300,2.0482593749999998,0.48882812500000006,0.30607812500000003,0.20509375000000007
43400,2.0482875000000003,0.48999999999999994,0.307828125,0.202171875
43500,2.0494640625,0.49154687499999977,0.3080625,0.20039062500000002
43600,2.052803125,0.49320312500000024,0.3053281249999999,0.20146875
43700,2.0511203124999997,0.4924687500000001,0.3073437500000001,0.2001875
43800,2.0525671875,0.493375,0.3073749999999999,0.19925000000000004
43900,2.0505578124999997,0.4931406250000001,0.30999999999999994,0.1968593750000001
44000,2.0479078125000005,0.49478125,0.314515625,0.19070312500000003
44100,2.0402468749999993,0.490484375,0.31893749999999993,0.19057812500000007
44200,2.040640625,0.4907499999999999,0.3187968750000001,0.19045312499999997
44300,2.0422937500000002,0.491640625,0.31599999999999995,0.19235937500000005
44400,2.0428375000000005,0.49120312499999996,0.3138906249999999,0.19490624999999998
44500,2.046225,0.49281250000000004,0.31171875000000004,0.19546875
44600,2.0489562500000007,0.4939062499999999,0.3103437500000001,0.19574999999999998
44700,2.0528281250000004,0.495859375,0.3095468750000001,0.19459375000000004
44800,2.0497281249999997,0.494140625,0.31184375000000003,0.19401562500000002
44900,2.0482046875,0.49271874999999987,0.31164062499999995,0.19564062500000007
45000,2.0506187500000004,0.4949375,0.309328125,0.19573437500000004
45100,2.0529890625,0.49692187500000007,0.30879687499999997,0.19428125000000004
45200,2.0570062499999997,0.49917187500000004,0.30773437500000006,0.19309374999999995
45300,2.0536468749999996,0.49851562499999996,0.31204687500000017,0.18943749999999998
45400,2.0517140625000003,0.496671875,0.3108593750000001,0.19246874999999997
45500,2.0495281249999997,0.49575,0.3141093749999999,0.1901406250000001
45600,2.0462734375000005,0.4951874999999999,0.3152499999999999,0.18956250000000005
45700,2.0422437500000004,0.49421875000000004,0.31962499999999994,0.18615625000000005
45800,2.0408625,0.4943125,0.3215312500000001,0.18415625
45900,2.0418921874999993,0.49396874999999996,0.3201875000000001,0.18584375
46000,2.0353640625,0.48928125000000006,0.3217343749999999,0.18898437499999998
46100,2.0328671875,0.4882500000000001,0.32359374999999996,0.18815625000000002
46200,2.0349046875,0.48871875,0.32175,0.18953125
46300,2.036742187500001,0.4898125000000001,0.31928125,0.19090625
46400,2.0356984375,0.48837500000000006,0.319734375,0.1918906249999999
46500,2.0410703125000005,0.49037500000000006,0.315390625,0.194234375
46600,2.0489843750000007,0.4931249999999999,0.310046875,0.196828125
46700,2.0563546875000003,0.49801562499999996,0.30690624999999994,0.19507812500000002
46800,2.0590953124999998,0.4990468749999999,0.30389062499999997,0.19706249999999995
46900,2.0614703125000005,0.5015156249999999,0.3057500000000001,0.19273437500000004
47000,2.0600656249999996,0.5011874999999999,0.3072968750000002,0.19151562500000002
47100,2.0563156250000003,0.49892187500000007,0.31001562499999996,0.1910625
47200,2.051978125,0.49746874999999996,0.31262500000000004,0.18990624999999992
47300,2.0503046874999997,0.4975625,0.31301562499999996,0.18942187500000002
47400,2.0518718750000002,0.497390625,0.31292187499999996,0.18968750000000006
47500,2.0491234375,0.49590624999999994,0.31515624999999997,0.18893750000000006
47600,2.0478484374999995,0.4952968750000001,0.31453124999999993,0.19017187500000002
47700,2.0464187500000004,0.4920468750000002,0.3149687499999999,0.19298437499999999
47800,2.0463468750000002,0.49278125000000017,0.313984375,0.19323437499999996
47900,2.047103125,0.49351562500000007,0.31349999999999983,0.19298437499999996
48000,2.0461546875,0.491703125,0.3149843750000001,0.1933125
48100,2.0432984375,0.4901250000000001,0.31698437500000004,0.19289062499999993
48200,2.043059375000001,0.49139062499999986,0.317328125,0.19128124999999996
48300,2.0390453125000003,0.490734375,0.3196093750000001,0.18965624999999994
48400,2.0377796875000005,0.4887812499999998,0.31815625,0.19306250000000005
48500,2.0333687500000006,0.485046875,0.3201093750000001,0.19484375000000004
48600,2.0351374999999994,0.4861718750000001,0.3193750000000001,0.19445312499999995
48700,2.0378500000000006,0.48498437499999997,0.31523437499999996,0.19978124999999994
48800,2.0385187499999997,0.48540625000000004,0.3153124999999999,0.19928125000000008
48900,2.043025,0.4872499999999999,0.3101093750000001,0.20264062500000002
49000,2.0433781249999994,0.488640625,0.31128124999999995,0.2000781249999999
49100,2.0438859375000007,0.488953125,0.3129375,0.198109375
49200,2.043578124999999,0.48968750000000016,0.3138125,0.19650000000000004
49300,2.0403359375000005,0.489390625,0.316640625,0.19396875000000005
49400,2.0368749999999993,0.48929687499999996,0.32095312500000006,0.18974999999999997
49500,2.0358734374999994,0.488,0.32040625000000006,0.19159375000000006
49600,2.035590625,0.4879687499999999,0.32089062500000004,0.191140625
49700,2.0394156249999997,0.4905625000000001,0.31773437499999996,0.19170312500000009
49800,2.0397187499999996,0.49053125,0.31743750000000004,0.19203125
49900,2.0433593749999996,0.49301562500000007,0.315734375,0.19125000000000003
50000,2.0461906249999995,0.49493749999999986,0.3130625000000001,0.192
50100,2.0507375,0.4974218750000001,0.3110312500000001,0.19154687499999998
50200,2.055678125,0.500109375,0.3075156250000001,0.1923750000000001
50300,2.0581015625,0.500640625,0.30646874999999996,0.19289062499999995
50400,2.0577953124999997,0.500953125,0.30690625,0.19214062499999998
50500,2.0562953124999996,0.50078125,0.30790625000000005,0.19131250000000002
50600,2.055178125,0.49990625,0.30999999999999994,0.19009374999999998
50700,2.051590625,0.4988906250000001,0.3136875,0.18742187500000002
50800,2.0530656250000003,0.5011874999999999,0.3141093749999999,0.18470312500000008
50900,2.04975625,0.49887500000000007,0.31414062499999995,0.186984375
51000,2.053025,0.499140625,0.3112031250000001,0.18965624999999997
51100,2.0541781249999995,0.5010937500000001,0.312203125,0.18670312499999994
51200,2.05710625,0.504328125,0.31010937499999996,0.18556249999999994
51300,2.0592750000000004,0.5061875,0.3088593749999999,0.18495312500000005
51400,2.0606687499999996,0.5063125000000002,0.30804687500000005,0.1856406250000001
51500,2.0603156250000003,0.5039218749999997,0.3061718749999999,0.18990624999999994
51600,2.062890625,0.5028593749999999,0.3003437500000001,0.196796875
51700,2.066296875,0.50521875,0.30134375000000013,0.19343749999999998
51800,2.064240625,0.5045937500000001,0.30568750000000006,0.18971875
51900,2.0644734375000002,0.5054375,0.3067187500000001,0.18784374999999995
52000,2.0590968750000007,0.5030312499999999,0.30948437499999987,0.18748437499999998
52100,2.0569578125000003,0.50253125,0.3093593750000001,0.18810937499999997
52200,2.0583750000000007,0.5029062500000001,0.31012500000000004,0.18696875000000002
52300,2.0627531250000004,0.5048281250000001,0.30706250000000007,0.188109375
52400,2.0682421874999997,0.5070937499999998,0.30549999999999994,0.18740625000000002
52500,2.0667765625000003,0.5069374999999999,0.3061875,0.186875
52600,2.0623828125000006,0.5061875,0.30765625,0.18615625000000002
52700,2.0620078125000005,0.5065312500000001,0.3084062500000001,0.1850625
52800,2.060628125,0.5047656250000001,0.30921875000000004,0.18601562499999996
52900,2.0613234375000005,0.50353125,0.30692187499999996,0.189546875
53000,2.067309375,0.505859375,0.30234374999999997,0.19179687500000003
53100,2.0719328125000005,0.5084375000000002,0.30115625,0.19040625000000008
53200,2.0751281250000004,0.5102968750000001,0.29771875000000003,0.191984375
53300,2.0772125000000004,0.5101406249999998,0.295984375,0.19387500000000002
