step,mean_aspect_ratio,fraction_elongated,fraction_round,fraction_binary
100,1.0,0.0,1.0,0.0
200,1.0360749999999999,0.0016562500000000006,0.8945468749999999,0.10379687500000002
300,1.0269328125000006,0.0019687500000000004,0.9145156249999997,0.08351562500000001
400,1.0230125000000003,0.0017031250000000004,0.9214687499999997,0.07682812500000001
500,1.0214140624999997,0.0017500000000000005,0.9242499999999998,0.074
600,1.0208218750000002,0.0017500000000000005,0.924625,0.073625
700,1.0200515624999997,0.0017968750000000005,0.9265937499999997,0.071609375
800,1.0198390624999998,0.0016562500000000004,0.9255156249999997,0.07282812499999998
900,1.0199421875,0.0016093750000000003,0.9261562499999999,0.072234375
1000,1.0202343749999998,0.0017343750000000005,0.9249375000000002,0.07332812500000002
1100,1.0196375,0.0016562500000000004,0.9252187499999999,0.07312500000000001
1200,1.01985,0.0015937500000000001,0.9252656250000001,0.07314062499999999
1300,1.0199531249999998,0.0015625000000000003,0.923609375,0.07482812500000001
1400,1.01928125,0.0017187500000000002,0.9260156249999998,0.072265625
1500,1.0196312499999998,0.0016250000000000001,0.9241718750000002,0.07420312500000002
1600,1.0191218750000002,0.0017031250000000004,0.9251718749999998,0.07312500000000001
1700,1.0197874999999998,0.001796875,0.9237656249999999,0.0744375
1800,1.0202656250000004,0.0018906250000000002,0.9246718749999998,0.07343750000000002
1900,1.0211687499999997,0.002046875,0.9223593749999996,0.07559375
2000,1.0210859375,0.0021875,0.9231562500000001,0.07465625
2100,1.0210578125000003,0.002125,0.9236249999999999,0.07425
2200,1.0214249999999998,0.00225,0.9227656249999999,0.07498437499999998
2300,1.0214156249999995,0.0022812500000000003,0.9228593750000001,0.07485937500000003
2400,1.0213796875000003,0.0022500000000000003,0.9225312499999998,0.07521874999999999
2500,1.0210109375000003,0.002359375,0.9236718749999998,0.07396875
2600,1.0213375,0.0024375,0.923125,0.07443750000000002
2700,1.0210875000000001,0.00215625,0.9241093749999999,0.07373437499999999
2800,1.0216109375,0.0023125000000000003,0.9230468749999995,0.07464062500000003
2900,1.0214828124999997,0.0023593750000000004,0.9232656250000004,0.074375
3000,1.0207468750000002,0.0022968750000000003,0.9248749999999999,0.072828125
3100,1.0208734375000001,0.0022656250000000003,0.9235,0.07423437499999999
3200,1.0219421874999999,0.0026406250000000006,0.9223749999999998,0.07498437500000006
3300,1.0216265625000003,0.0025937500000000006,0.9228281249999996,0.07457812500000001
3400,1.022384375,0.0027656250000000007,0.921875,0.075359375
3500,1.0226109374999999,0.0028906250000000004,0.9225625,0.07454687500000003
3600,1.0231124999999999,0.0032812500000000003,0.9215781249999999,0.075140625
3700,1.023509375,0.0035625,0.921796875,0.07464062499999999
3800,1.0238625000000001,0.0036718750000000002,0.92359375,0.07273437500000002
3900,1.0240484374999999,0.00365625,0.9219687499999998,0.07437500000000002
4000,1.0237625000000001,0.00359375,0.9239374999999995,0.07246875000000001
4100,1.023553125,0.0037187500000000003,0.9236093750000003,0.07267187500000001
4200,1.023846875,0.0036875000000000002,0.9225000000000001,0.07381249999999999
4300,1.0245984375,0.0037656250000000003,0.922328125,0.07390625000000003
4400,1.0237828125,0.003734375,0.92490625,0.07135937500000004
4500,1.02385625,0.003765625,0.9243124999999999,0.071921875
4600,1.0232078125000001,0.003734375,0.9259062499999999,0.07035937500000003
4700,1.0243062500000004,0.003921875,0.9226562500000001,0.07342187500000001
4800,1.0244,0.004,0.9225624999999998,0.07343749999999999
4900,1.024215625,0.003953125,0.9232499999999999,0.07279687500000004
5000,1.0251656249999999,0.0041875,0.9233281249999996,0.07248437499999999
5100,1.0256203124999999,0.004109375,0.9234218749999997,0.07246875000000003
5200,1.0264843750000003,0.00425,0.9216406250000001,0.074109375
5300,1.0267671875000002,0.0044531250000000005,0.921125,0.07442187500000004
5400,1.02733125,0.004578125000000001,0.9217812500000001,0.07364062500000002
5500,1.028090625,0.004937500000000001,0.9204531250000002,0.07460937500000005
5600,1.0283015624999998,0.005218750000000001,0.922265625,0.072515625
5700,1.0283171875,0.005328125000000001,0.922984375,0.07168750000000002
5800,1.0287234374999998,0.005406250000000001,0.9216249999999996,0.07296875000000001
5900,1.0284140625,0.0056406250000000015,0.9233437499999999,0.071015625
6000,1.0290703125000005,0.005843750000000002,0.9213749999999996,0.07278125
6100,1.0298453124999998,0.006250000000000001,0.9224374999999999,0.07131250000000001
6200,1.0309640625000003,0.006265625000000001,0.9198906250000002,0.07384375
6300,1.031140625,0.006718750000000002,0.9209999999999998,0.07228124999999999
6400,1.0313906250000004,0.007234375000000001,0.9225312499999998,0.07023437500000002
6500,1.0327984374999999,0.008000000000000002,0.9210156249999998,0.07098437500000002
6600,1.0337453125000005,0.008562500000000002,0.9203281249999998,0.07110937500000002
6700,1.0347031250000003,0.008781250000000003,0.9197500000000001,0.07146875000000001
6800,1.035640625,0.009328125000000001,0.9195937499999999,0.07107812500000003
6900,1.03725,0.009812500000000002,0.9183281249999998,0.07185937499999999
7000,1.0394249999999998,0.010375,0.9142187499999996,0.07540625000000001
7100,1.0410953124999998,0.01071875,0.9154687499999999,0.07381250000000002
7200,1.042290625,0.011578125000000002,0.9136249999999999,0.074796875
7300,1.0434406250000001,0.011906250000000002,0.9142812500000002,0.07381250000000002
7400,1.0454218750000002,0.012375000000000002,0.9117343749999999,0.075890625
7500,1.0453796875,0.012531250000000002,0.9125624999999996,0.07490625000000002
7600,1.0462968750000003,0.012343750000000002,0.9113906249999999,0.07626562500000002
7700,1.0461390625,0.012843750000000003,0.9135468749999999,0.07360937499999999
7800,1.04523125,0.012421875,0.9138750000000001,0.073703125
7900,1.0445046874999997,0.0124375,0.9142031249999999,0.07335937500000002
8000,1.0439640625,0.012203125,0.91403125,0.07376562500000004
8100,1.044640625,0.012125,0.9138749999999999,0.07400000000000002
8200,1.044871875,0.01221875,0.913890625,0.07389062499999999
8300,1.044265625,0.012234375000000002,0.9153125000000001,0.072453125
8400,1.0447515625000001,0.012640625,0.9155625000000001,0.071796875
8500,1.0455546875,0.013000000000000003,0.9121718750000002,0.07482812500000004
8600,1.0463703125,0.012671875000000003,0.9128124999999999,0.074515625
8700,1.0464234375,0.012812500000000001,0.9135468749999999,0.07364062500000002
8800,1.0467203125,0.012921875000000001,0.9116406249999999,0.07543750000000002
8900,1.045321875,0.012937500000000001,0.9150781249999999,0.07198437499999999
9000,1.0454750000000002,0.012953125000000001,0.9141562500000002,0.07289062499999996
9100,1.0460687499999999,0.013421875000000003,0.9150937499999999,0.071484375
9200,1.0475953125,0.013968750000000002,0.9143281250000002,0.07170312499999996
9300,1.049796875,0.015031250000000005,0.912890625,0.072078125
9400,1.05136875,0.015093750000000001,0.9106562500000001,0.07425
9500,1.0515421875000004,0.015031250000000001,0.9112656249999997,0.07370312499999998
9600,1.05329375,0.015453125,0.9087031250000001,0.07584375
9700,1.0546515625,0.015359375,0.9079687500000001,0.07667187500000001
9800,1.0529734375000004,0.015421875000000002,0.9109375,0.073640625
9900,1.0532890625000002,0.015546875,0.90896875,0.07548437499999999
10000,1.0543343749999998,0.016281249999999997,0.9090312500000001,0.0746875
10100,1.054725,0.016359375,0.908953125,0.0746875
10200,1.0552546874999995,0.016687499999999997,0.9087187499999998,0.07459375
10300,1.055021875,0.016999999999999998,0.9088281249999995,0.07417187500000001
10400,1.0556234375000002,0.017078125,0.9082031249999998,0.07471875
10500,1.0559937499999996,0.01709375,0.9080937499999996,0.0748125
10600,1.055675,0.017390625,0.9101562499999999,0.07245312500000001
10700,1.0569265625,0.017468749999999998,0.9065468749999995,0.07598437500000002
10800,1.0563765625000001,0.017453125000000003,0.9090625,0.07348437500000002
10900,1.0567562500000003,0.017843750000000002,0.9082187499999999,0.07393749999999999
11000,1.0584359375000003,0.01853125,0.9080156250000001,0.073453125
11100,1.0578593749999998,0.018390625000000004,0.9079062499999998,0.07370312499999998
11200,1.0579609375000003,0.01865625,0.9098749999999997,0.07146875000000001
11300,1.0592765625000005,0.01890625,0.906953125,0.07414062500000002
11400,1.0602281249999996,0.018968749999999993,0.9047656250000001,0.07626562499999999
11500,1.0612999999999997,0.0189375,0.9039062499999998,0.07715625000000002
11600,1.0603921875,0.01928125,0.9075468749999999,0.07317187499999997
11700,1.0606968749999997,0.01928125,0.906859375,0.07385937499999998
11800,1.0620375000000004,0.019796874999999995,0.9042656249999999,0.07593750000000002
11900,1.0635390625,0.020828124999999996,0.9050468749999999,0.07412499999999998
12000,1.0651140624999995,0.021078125,0.902375,0.07654687499999997
12100,1.06559375,0.021343749999999995,0.9042187500000001,0.07443749999999998
12200,1.0663874999999996,0.021578124999999997,0.9018906250000001,0.07653124999999998
12300,1.0661187500000002,0.021734374999999993,0.902578125,0.0756875
12400,1.0661375000000002,0.021921874999999993,0.9025000000000001,0.07557812500000001
12500,1.0672468750000002,0.02289062499999999,0.9037187500000001,0.073390625
12600,1.068584375,0.023531249999999993,0.9026875000000002,0.07378125
12700,1.069575,0.02339062499999999,0.9011718749999998,0.0754375
12800,1.070625,0.023468749999999997,0.9016562499999999,0.07487500000000002
12900,1.0722749999999999,0.024156249999999994,0.8995000000000001,0.07634375
13000,1.0715796875,0.023984375000000002,0.9002343749999999,0.07578125000000002
13100,1.0716359375000002,0.0240625,0.90034375,0.07559375
13200,1.07099375,0.023562499999999997,0.9005156250000002,0.075921875
13300,1.0703390625000002,0.023265624999999995,0.9023437499999999,0.07439062500000002
13400,1.06999375,0.023078124999999994,0.9022343749999999,0.07468750000000002
13500,1.06975,0.022171874999999987,0.901765625,0.07606249999999999
13600,1.0690328124999997,0.0225,0.9024843749999999,0.07501562500000002
13700,1.0694328124999999,0.021859374999999993,0.899890625,0.07825000000000001
13800,1.0690234374999998,0.022031250000000002,0.9015624999999998,0.07640625000000002
13900,1.0697531250000003,0.022624999999999992,0.90109375,0.07628125
14000,1.0700125000000003,0.022640624999999994,0.900046875,0.0773125
14100,1.070875,0.023109374999999998,0.89928125,0.077609375
14200,1.072278125,0.02384374999999999,0.8972656249999996,0.078890625
14300,1.0747078125000002,0.024124999999999994,0.8963593749999995,0.07951562499999999
14400,1.0771890625,0.02474999999999999,0.8940937499999998,0.08115625000000001
14500,1.0773625000000002,0.02496874999999999,0.894125,0.08090625000000004
14600,1.0770843749999996,0.02476562499999999,0.8941874999999999,0.081046875
14700,1.0759093750000002,0.025234374999999993,0.897984375,0.07678124999999997
14800,1.0769484375,0.02595312499999999,0.8958593749999996,0.07818750000000001
14900,1.0770125000000004,0.026109375,0.8958750000000002,0.07801562500000003
15000,1.0776578124999996,0.026343749999999992,0.8960468750000001,0.07760937500000002
15100,1.0777859375000003,0.0265625,0.8964062500000001,0.07703125000000002
15200,1.078934375,0.026968749999999993,0.8950312500000002,0.07800000000000003
15300,1.0785921875,0.026953124999999988,0.8960156249999999,0.07703125000000001
15400,1.0792875000000004,0.02659374999999999,0.8940156250000002,0.07939062499999999
15500,1.0801953125,0.026781249999999993,0.8927968750000002,0.08042187499999999
15600,1.0798609375000003,0.026656249999999992,0.8931406250000001,0.080203125
15700,1.0813093750000002,0.02670312499999999,0.8921093750000003,0.08118750000000005
15800,1.0812171875000003,0.027187500000000003,0.8929374999999998,0.07987500000000002
15900,1.081259375,0.027078124999999998,0.8926406250000002,0.08028125000000001
16000,1.0829984375000004,0.02753125,0.8915781250000001,0.080890625
16100,1.0830062500000002,0.027890624999999995,0.890859375,0.08125000000000002
16200,1.0838296875,0.028093749999999997,0.8910781249999999,0.08082812499999997
16300,1.0864437499999997,0.028703125000000003,0.8884375000000001,0.082859375
16400,1.0873671875000004,0.029781249999999995,0.8907968750000002,0.079421875
16500,1.0876328125,0.029921875000000004,0.8913750000000001,0.078703125
16600,1.0877234375000002,0.030656249999999996,0.8910937499999999,0.07824999999999997
16700,1.0891921875000001,0.031265625,0.88975,0.07898437500000002
16800,1.0888046874999997,0.03128125,0.8915781249999997,0.07714062500000002
16900,1.0891109374999999,0.0315,0.890546875,0.07795312499999996
17000,1.0897359375000002,0.031375,0.8906718749999998,0.077953125
17100,1.091871875,0.03204687499999999,0.8892812500000002,0.07867187500000002
17200,1.0921187499999998,0.03203125,0.88740625,0.0805625
17300,1.0932390625000001,0.032046875,0.88725,0.080703125
17400,1.0930312500000001,0.031953125,0.886828125,0.08121875000000002
17500,1.0941906250000002,0.032984374999999996,0.887921875,0.07909374999999999
17600,1.0937843749999996,0.032921875,0.8897812499999997,0.07729687499999995
17700,1.0936125000000003,0.03303125,0.88828125,0.0786875
17800,1.0940500000000002,0.033328125,0.8875625000000001,0.07910937500000001
17900,1.0944062499999996,0.03340625,0.8888281250000001,0.077765625
18000,1.0936921874999996,0.033015625,0.8897968749999997,0.07718749999999999
18100,1.0945703125000001,0.033421875,0.887609375,0.07896874999999999
18200,1.0967749999999998,0.033999999999999996,0.8850468749999997,0.08095312499999999
18300,1.0968390625000002,0.03310937499999999,0.8854999999999998,0.08139062500000001
18400,1.0976406249999993,0.033234375,0.883546875,0.08321875000000005
18500,1.0971390624999997,0.032671875,0.8839218750000004,0.08340624999999997
18600,1.0960343750000003,0.03296874999999999,0.8860624999999999,0.08096874999999999
18700,1.0970062500000004,0.032890625,0.8857031250000001,0.08140625
18800,1.096365625,0.03282812499999999,0.8867812500000001,0.08039062500000002
18900,1.0956640625,0.03265625,0.8873437500000001,0.08
19000,1.0939359375,0.032609374999999996,0.8895781249999998,0.07781249999999998
19100,1.092996875,0.03203125,0.8901874999999998,0.07778125
19200,1.0940828124999995,0.03253124999999999,0.8889062500000001,0.07856250000000001
19300,1.0931890624999998,0.032625,0.8888906249999998,0.07848437500000001
19400,1.0933921875,0.033,0.8903437500000001,0.07665625000000002
19500,1.0930359375000003,0.03290625,0.8904687499999997,0.07662500000000003
19600,1.0944328124999998,0.03271875,0.8872812499999999,0.07999999999999999
19700,1.095209375,0.033249999999999995,0.8889531249999999,0.07779687499999997
19800,1.0972828125,0.033796875,0.8851718749999998,0.08103125000000001
19900,1.0976437499999998,0.03453124999999999,0.8867812500000001,0.07868750000000002
20000,1.0984203124999998,0.034453124999999994,0.8854843749999994,0.08006250000000001
20100,1.1006343749999996,0.03523437499999999,0.8835625000000003,0.08120312500000003
20200,1.100815625,0.03509375000000001,0.8832656249999998,0.081640625
20300,1.1014984374999999,0.03503125,0.881359375,0.083609375
20400,1.1004156249999997,0.035781249999999994,0.8834687499999997,0.08074999999999999
20500,1.1010499999999996,0.035671875,0.8826718750000002,0.08165625000000003
20600,1.1024453125000002,0.036093749999999994,0.8801249999999996,0.08378124999999999
20700,1.104103125,0.03635937499999999,0.879421875,0.08421875000000001
20800,1.104521875,0.03615625,0.8784062499999999,0.0854375
20900,1.1025062499999996,0.035515625,0.881765625,0.08271875000000002
21000,1.101996875,0.034796875,0.8804531249999998,0.08474999999999996
21100,1.1007078124999996,0.034296874999999984,0.88253125,0.08317187499999999
21200,1.0998640625,0.034140625,0.8844843749999999,0.08137500000000002
21300,1.0999031249999998,0.03414062499999999,0.8828906250000002,0.08296875000000002
21400,1.1009328125000002,0.034890624999999995,0.8819999999999998,0.08310937500000001
21500,1.0982531249999998,0.034375,0.8854687499999999,0.08015625000000003
21600,1.0969046875,0.033921875,0.8856874999999996,0.08039062499999998
21700,1.09749375,0.03393749999999999,0.8858593749999999,0.08020312500000001
21800,1.0981812500000003,0.033953124999999994,0.8837187500000002,0.08232812500000002
21900,1.0982125,0.034812499999999996,0.88496875,0.08021874999999998
22000,1.1000984374999998,0.035703124999999995,0.8830468750000001,0.08125000000000002
22100,1.0994359374999998,0.035640625,0.8850468750000002,0.07931249999999998
22200,1.0995359375000004,0.03578124999999997,0.8850937500000001,0.07912499999999999
22300,1.1001203124999994,0.036499999999999984,0.8843437500000001,0.07915625000000004
22400,1.1017218750000004,0.03651562499999998,0.8827968750000001,0.08068749999999998
22500,1.10095625,0.03660937499999998,0.8824531249999998,0.0809375
22600,1.1015062499999997,0.036484374999999986,0.8827343750000001,0.08078125
22700,1.1015171874999998,0.036406249999999994,0.8839218750000001,0.07967187499999996
22800,1.100184375,0.03603125,0.8845468749999998,0.079421875
22900,1.0992359375,0.03599999999999999,0.8874375,0.07656249999999998
23000,1.099434375,0.03587499999999998,0.8872656250000001,0.07685937500000002
23100,1.1001562499999997,0.035921875,0.8847343750000003,0.07934374999999999
23200,1.1010812499999996,0.0360625,0.8818906249999999,0.08204687499999999
23300,1.1016078125000004,0.03598437499999998,0.88140625,0.082609375
23400,1.1016921874999999,0.03657812499999999,0.8833749999999999,0.08004687499999998
23500,1.1029843749999997,0.03695312499999999,0.88090625,0.082140625
23600,1.1026421874999999,0.036421874999999986,0.8791406249999999,0.0844375
23700,1.1015890625,0.03537499999999999,0.8791249999999998,0.08549999999999999
23800,1.0990953124999998,0.03434374999999998,0.883609375,0.08204687499999999
23900,1.0992859375000001,0.03521874999999998,0.8833281249999998,0.081453125
24000,1.1006546875000003,0.03521874999999998,0.881859375,0.08292187500000002
24100,1.1007718750000002,0.03590624999999998,0.8821718749999999,0.081921875
24200,1.0996031250000002,0.036031249999999994,0.8844843749999998,0.07948437500000002
24300,1.0992921875000001,0.035656249999999994,0.8837187499999997,0.08062500000000003
24400,1.1003140624999996,0.035765624999999975,0.8830156249999999,0.08121875000000005
24500,1.1000015625,0.03557812499999998,0.8825156250000004,0.08190625000000001
24600,1.100190625,0.03493749999999999,0.8826718749999999,0.08239062499999998
24700,1.1003828125000001,0.034890624999999995,0.881203125,0.08390625
24800,1.099915625,0.03439062499999998,0.882515625,0.08309375
24900,1.1009562499999999,0.03487499999999999,0.8802500000000001,0.08487499999999998
25000,1.1019421875000002,0.03515624999999999,0.880171875,0.084671875
25100,1.1025515625,0.034843749999999986,0.8789687499999999,0.0861875
25200,1.1029828125,0.036171875,0.878484375,0.08534375000000001
25300,1.1034921874999997,0.03659374999999999,0.880765625,0.08264062500000004
25400,1.1053203125000002,0.03674999999999999,0.877078125,0.08617187500000001
25500,1.1067328124999998,0.037765625000000004,0.8759375,0.086296875
25600,1.10844375,0.03839062499999999,0.8761250000000002,0.08548437499999997
25700,1.1098937500000001,0.038515624999999984,0.8743437499999999,0.08714062500000001
25800,1.1100531249999999,0.03885937499999999,0.87696875,0.08417187500000001
25900,1.1123546875,0.039515624999999985,0.8736562499999996,0.08682812499999999
26000,1.1094515624999999,0.03896874999999999,0.878046875,0.08298437500000003
26100,1.108025,0.038078125,0.8772187500000004,0.08470312500000005
26200,1.1087953125,0.038296874999999994,0.8751406249999997,0.08656249999999997
26300,1.1082078125000001,0.03817187499999999,0.8757187500000003,0.08610937500000002
26400,1.1080546875000001,0.03826562499999999,0.8778124999999999,0.08392187499999999
26500,1.1077765624999996,0.037531249999999995,0.8759218749999996,0.08654687499999998
26600,1.1081453125000003,0.03704687499999999,0.8753906249999996,0.08756250000000003
26700,1.1080765625,0.03692187499999999,0.8746562499999997,0.08842187499999998
26800,1.1093078124999998,0.03748437499999999,0.8747499999999997,0.08776562500000001
26900,1.1088,0.03717187499999998,0.8728593749999998,0.08996875000000003
27000,1.1073968749999998,0.037062499999999984,0.8753281249999999,0.08760937500000002
27100,1.105553125,0.03610937499999999,0.8758124999999998,0.08807812499999998
27200,1.1039156250000002,0.036281249999999994,0.8790156250000003,0.08470312499999999
27300,1.1039140625,0.037249999999999985,0.8801874999999999,0.08256250000000002
27400,1.1063203124999996,0.03809374999999998,0.8781874999999999,0.08371875
27500,1.1062609374999997,0.03781249999999997,0.8783281250000002,0.08385937500000003
27600,1.1077578125000003,0.03801562499999999,0.8767187500000002,0.085265625
27700,1.1079640625,0.03840625,0.877703125,0.08389062499999998
27800,1.1104562500000001,0.0400625,0.874796875,0.08514062499999997
27900,1.1115859375,0.040796874999999996,0.8766406250000001,0.0825625
28000,1.1136140625000002,0.041578125,0.8752343750000001,0.08318750000000001
28100,1.1150515625,0.041609374999999976,0.8728437500000001,0.08554687500000001
28200,1.1160531249999996,0.04204687499999999,0.8712031250000001,0.08675000000000001
28300,1.1188390625,0.043125,0.8694218750000003,0.08745312499999995
28400,1.1196671875,0.043109375,0.8698281249999998,0.0870625
28500,1.1218375000000003,0.043859375,0.8683125,0.08782812499999999
28600,1.1232718749999997,0.04535937499999999,0.86665625,0.08798437500000002
28700,1.1248390625,0.04625,0.8656406250000003,0.088109375
28800,1.1265265624999996,0.046140625000000005,0.8638124999999999,0.09004687500000003
28900,1.1257624999999996,0.04568749999999999,0.8650625000000003,0.08925000000000001
29000,1.126071875,0.04601562499999999,0.8655312500000002,0.08845312499999998
29100,1.12499375,0.045749999999999985,0.8670468749999998,0.087203125
29200,1.1226843750000004,0.04521874999999998,0.8695,0.08528125000000003
29300,1.1214593750000001,0.04357812499999998,0.8671093749999997,0.0893125
29400,1.1202625,0.042921874999999984,0.8680625,0.089015625
29500,1.119284375,0.04246875,0.868125,0.08940624999999999
29600,1.1184375000000002,0.042312499999999996,0.868140625,0.089546875
29700,1.1174640625,0.041468749999999985,0.8693281250000003,0.08920312500000001
29800,1.1153171875,0.04014062499999999,0.8688281250000002,0.09103125
29900,1.1138625000000004,0.03979687499999999,0.8719531249999997,0.08824999999999997
30000,1.1135609375000002,0.03985937499999999,0.8721718749999998,0.08796875
30100,1.1125171874999995,0.039546875,0.8733437500000002,0.08710937500000003
30200,1.110553125,0.038734374999999995,0.8753750000000001,0.08589062500000005
30300,1.1092109375000005,0.038671874999999994,0.874328125,0.087
30400,1.1096281250000002,0.0389375,0.8752187499999999,0.08584375000000001
30500,1.1096078124999997,0.039265625,0.875515625,0.08521875
30600,1.1093765624999996,0.03812499999999999,0.8747343750000002,0.08714062500000003
30700,1.111325,0.0388125,0.8742500000000001,0.08693750000000001
30800,1.1110328125000002,0.038984374999999995,0.8753281249999998,0.0856875
30900,1.1095406249999995,0.038953125000000005,0.8757499999999999,0.08529687499999998
31000,1.1092124999999997,0.03854687499999999,0.87659375,0.084859375
31100,1.1116546875,0.039140625,0.8732343749999998,0.08762500000000002
31200,1.1121375,0.03984375,0.8757499999999999,0.08440625000000002
31300,1.1121406250000003,0.03996874999999999,0.8745781249999999,0.085453125
31400,1.1122812500000003,0.040265625,0.8761093750000001,0.08362499999999999
31500,1.1123687499999997,0.0401875,0.8770468750000003,0.08276562500000002
31600,1.1146906250000004,0.0411875,0.8749999999999998,0.08381250000000003
31700,1.1146796874999998,0.04157812500000001,0.8738749999999997,0.084546875
31800,1.1144859374999998,0.04121874999999999,0.8754999999999997,0.08328125
31900,1.1123874999999996,0.040499999999999994,0.875578125,0.08392187500000003
32000,1.1129499999999999,0.040546875,0.8750937499999999,0.084359375
32100,1.1131484374999998,0.040390625000000006,0.8755468749999998,0.08406249999999998
32200,1.1131749999999998,0.040046874999999996,0.8743437499999998,0.08560937500000004
32300,1.1113546875000002,0.03959374999999999,0.8747812500000003,0.085625
32400,1.1111,0.039218749999999976,0.8759218750000001,0.084859375
32500,1.1115984374999999,0.03921875,0.8764375,0.08434375000000001
32600,1.1121109374999998,0.03896874999999998,0.8730781250000001,0.087953125
32700,1.1106484375,0.038,0.87490625,0.08709375
32800,1.10889375,0.03756249999999999,0.8755468750000001,0.08689062500000003
32900,1.1086656250000002,0.037656249999999995,0.8765000000000001,0.08584375
33000,1.1076078125000004,0.037078124999999997,0.8771406250000001,0.08578125
33100,1.1071468749999998,0.03784375,0.8794687500000002,0.0826875
33200,1.1086984375000002,0.03826562499999999,0.8759062500000003,0.08582812499999999
33300,1.109703125,0.038203125,0.8757031249999999,0.08609375000000004
33400,1.1108359375000003,0.038984374999999995,0.8743750000000002,0.08664062500000001
33500,1.1113937500000004,0.03981250000000001,0.8741562500000002,0.08603125
33600,1.1136140624999997,0.040671874999999996,0.8738281250000001,0.08550000000000002
33700,1.1143187499999998,0.040375,0.87359375,0.08603125000000002
33800,1.1144546875,0.04031249999999998,0.8722343749999997,0.08745312499999999
33900,1.1143875,0.04004687499999999,0.87303125,0.08692187500000002
34000,1.1148437500000001,0.040390625,0.871984375,0.087625
34100,1.1153046875,0.04132812499999999,0.8732656249999999,0.08540625
34200,1.1179359375,0.042296874999999984,0.8713593749999999,0.08634374999999997
34300,1.1191781250000001,0.043015625,0.8712343749999998,0.08575000000000002
34400,1.1206921874999993,0.04424999999999999,0.8703906250000002,0.08535937500000002
34500,1.12271875,0.04573437500000001,0.8704531250000002,0.0838125
34600,1.1242812499999997,0.04640625,0.8694843750000002,0.08410937500000001
34700,1.1253093749999998,0.046750000000000014,0.8681093749999998,0.08514062500000003
34800,1.1268984375,0.04706249999999999,0.8670781249999999,0.085859375
34900,1.1274828125,0.047031250000000004,0.8673437499999999,0.08562500000000002
35000,1.1261203124999994,0.046468749999999975,0.8681093750000001,0.085421875
35100,1.1261234375,0.045968749999999996,0.86709375,0.0869375
35200,1.1251984375000001,0.04564062499999998,0.8675781250000002,0.08678125000000002
35300,1.1270546874999998,0.04590624999999998,0.8662656249999999,0.08782812499999999
35400,1.1286328124999998,0.046328125000000005,0.8646874999999996,0.088984375
35500,1.1287937499999998,0.046531249999999996,0.8644374999999997,0.08903124999999998
35600,1.128365625,0.04659374999999999,0.8649531250000002,0.08845312500000002
35700,1.1276781249999999,0.046125000000000006,0.86478125,0.08909374999999997
35800,1.1289437500000004,0.046234374999999994,0.8627968749999999,0.09096874999999999
35900,1.1303,0.0475625,0.862859375,0.08957812499999998
36000,1.129721875,0.047484375000000016,0.8661093749999997,0.08640624999999998
36100,1.1291625000000003,0.04721874999999999,0.8643437500000001,0.08843749999999997
36200,1.1279640625,0.04724999999999999,0.8670781250000001,0.08567187500000001
36300,1.1272749999999998,0.046859375,0.8672968749999999,0.08584375
36400,1.12763125,0.04742187499999999,0.86634375,0.08623437500000002
36500,1.1308828125000001,0.04812499999999999,0.8632968749999999,0.08857812500000001
36600,1.1317046875000003,0.04865625,0.8628593749999999,0.08848437500000003
36700,1.1345843750000002,0.04914062499999999,0.8608593749999999,0.09000000000000001
36800,1.1361734375000005,0.049671874999999976,0.8596406249999998,0.0906875
36900,1.1369812499999998,0.04999999999999998,0.8583906250000001,0.09160937499999999
37000,1.1364156250000002,0.04978124999999999,0.860078125,0.09014062500000002
37100,1.1378953124999998,0.049875,0.8570156250000003,0.09310937500000005
37200,1.1356671875,0.048578124999999986,0.85825,0.09317187499999999
37300,1.1345015625,0.048203125,0.8594062500000001,0.09239062499999999
37400,1.13479375,0.04826562500000001,0.8594843749999999,0.09224999999999998
37500,1.1338593750000001,0.04789062499999999,0.8608125000000002,0.09129687499999997
37600,1.1315046874999999,0.047375,0.861515625,0.09110937499999999
37700,1.1302703124999998,0.047343750000000004,0.86309375,0.08956250000000004
37800,1.1310015625,0.04703124999999998,0.85984375,0.09312500000000001
37900,1.1288609374999998,0.04592187499999999,0.8636562499999997,0.09042187499999998
38000,1.1303859375000003,0.04737499999999998,0.8631875000000002,0.0894375
38100,1.1312734374999998,0.04771874999999998,0.8637968750000001,0.08848437499999999
38200,1.1324812499999999,0.048937499999999995,0.8647812499999997,0.08628124999999998
38300,1.1334249999999997,0.04917187499999998,0.864,0.08682812499999999
38400,1.1323812499999997,0.04862499999999998,0.8639687500000002,0.08740624999999999
38500,1.1297281250000002,0.04767187499999999,0.8659687500000001,0.086359375
38600,1.129440625,0.04685937499999998,0.8647031250000002,0.08843750000000003
38700,1.1316765625000005,0.04749999999999999,0.862921875,0.089578125
38800,1.1334078125000002,0.04768749999999998,0.8609843750000001,0.09132812499999998
38900,1.13365625,0.04796875,0.8630937500000002,0.0889375
39000,1.1341437500000002,0.04848437499999999,0.86121875,0.09029687499999998
39100,1.1332671874999998,0.048421874999999975,0.863078125,0.08850000000000004
39200,1.1331046875000004,0.04840625,0.8635625000000001,0.08803124999999998
39300,1.1345531250000003,0.049078124999999986,0.8618124999999999,0.08910937499999999
39400,1.1346359374999997,0.04896874999999999,0.864078125,0.08695312499999998
39500,1.1347437499999995,0.04914062499999999,0.8624218749999997,0.0884375
39600,1.1356703125,0.04937499999999999,0.860171875,0.09045312500000001
39700,1.1348109375,0.04903124999999999,0.860578125,0.090390625
39800,1.1349328125000002,0.049421875,0.8620312500000001,0.08854687500000004
39900,1.1372124999999997,0.05115624999999999,0.8623750000000001,0.08646875
40000,1.13776875,0.05076562499999999,0.860671875,0.0885625
40100,1.1387375000000004,0.051000000000000004,0.8595468750000003,0.08945312500000004
40200,1.1371421874999998,0.051015625,0.8615312500000003,0.08745312499999998
40300,1.138628125,0.050578124999999995,0.860578125,0.08884375
40400,1.13853125,0.05101562500000001,0.8602656249999998,0.08871875
40500,1.1410500000000001,0.051499999999999976,0.8569843749999999,0.091515625
40600,1.1445359375000004,0.053390625000000004,0.8544218749999997,0.09218750000000005
40700,1.14806875,0.05392187499999998,0.8526562499999998,0.093421875
40800,1.1490671875000003,0.054265624999999984,0.8521406249999998,0.09359374999999998
40900,1.1484578125,0.054171875,0.8518749999999997,0.09395312499999998
41000,1.1482140625000001,0.05465625,0.851640625,0.093703125
41100,1.1494906250000003,0.055140625000000006,0.8525156249999999,0.09234374999999999
41200,1.1513078125,0.055046875,0.8495937500000003,0.09535937500000001
41300,1.1504093750000004,0.055781250000000004,0.8501562500000001,0.09406250000000001
41400,1.1503937499999999,0.05553124999999999,0.8519218749999998,0.092546875
41500,1.1491031250000001,0.05517187499999998,0.853859375,0.09096875000000001
41600,1.1498546875,0.05568750000000001,0.853546875,0.09076562499999997
41700,1.1491921875,0.05682812499999998,0.8538593750000001,0.08931250000000002
41800,1.149465625,0.05642187499999998,0.8535625,0.09001562500000002
41900,1.1500718750000003,0.056484375,0.8514375000000002,0.09207812500000004
42000,1.1513109374999997,0.058062499999999996,0.8524843750000001,0.08945312500000001
42100,1.1537921875,0.05803125000000001,0.8502656249999998,0.09170312500000002
42200,1.15243125,0.05759375,0.852046875,0.09035937500000005
42300,1.1513921875000004,0.057031250000000006,0.85246875,0.09050000000000002
42400,1.1510578125,0.057109375000000004,0.8524999999999997,0.09039062500000002
42500,1.1515656250000001,0.05782812500000002,0.8530468750000004,0.08912500000000001
42600,1.1547343750000003,0.058609374999999984,0.8482031250000001,0.09318749999999998
42700,1.1575890624999998,0.05998437499999998,0.8469843750000002,0.09303125000000001
42800,1.1568406249999996,0.05978125,0.8463593749999999,0.09385937499999997
42900,1.1565859374999998,0.05923437499999999,0.8465937500000003,0.094171875
43000,1.1553078125000003,0.05851562499999999,0.846046875,0.09543750000000004
43100,1.1556343749999998,0.057718750000000006,0.8453593750000001,0.09692187499999998
43200,1.1535578125,0.05646874999999998,0.847625,0.09590625000000004
43300,1.1496437499999994,0.05498437499999998,0.8494687500000002,0.09554687500000003
43400,1.1453734375,0.05334374999999998,0.8542968750000002,0.09235937500000004
43500,1.1441765625000002,0.053328125000000004,0.8535312500000002,0.093140625
43600,1.14305,0.053093749999999995,0.855015625,0.09189062499999999
43700,1.1405671874999999,0.05260937499999998,0.8579062500000003,0.08948437499999998
43800,1.1390125,0.05235937500000001,0.8603124999999999,0.08732812500000002
43900,1.1399890625,0.052703124999999997,0.8574062500000001,0.08989062500000004
44000,1.1411687499999998,0.053031249999999995,0.8569062500000002,0.0900625
44100,1.1416640625,0.05273437499999999,0.8568749999999996,0.09039062499999999
44200,1.1418968750000005,0.0531875,0.8555625000000002,0.09125000000000003
44300,1.1431859375000002,0.053484374999999994,0.8565156250000003,0.09000000000000004
44400,1.144021875,0.053734375,0.8553906250000002,0.09087500000000003
44500,1.1444796874999998,0.05387499999999999,0.8562187499999999,0.08990624999999997
44600,1.146659375,0.054953125000000005,0.855,0.09004687500000004
44700,1.1492281249999996,0.05643749999999997,0.8529062500000001,0.09065624999999995
44800,1.1511000000000005,0.057609375000000004,0.85146875,0.09092187500000001
44900,1.1519468750000001,0.05801562499999999,0.8521093750000003,0.08987499999999997
45000,1.1510812499999998,0.056671875,0.8524062500000003,0.09092187500000003
45100,1.1506156250000001,0.05657812499999999,0.8529062500000002,0.09051562499999999
45200,1.1508015625,0.056624999999999974,0.852375,0.09099999999999997
45300,1.1531296875000003,0.05707812499999999,0.8500781250000001,0.09284374999999999
45400,1.1549953125,0.05720312499999999,0.8457031249999998,0.09709375
45500,1.1584546875,0.05826562499999999,0.8450937500000003,0.09664062499999998
45600,1.1587359375000001,0.059,0.8451718750000001,0.09582812500000004
45700,1.1605625000000002,0.05937500000000001,0.8439687499999999,0.09665625000000003
45800,1.1616562499999998,0.06084374999999999,0.8430156250000002,0.09614062500000002
45900,1.1620046874999999,0.06096874999999999,0.845765625,0.093265625
46000,1.1623625,0.06121875,0.8438906249999999,0.09489062500000003
46100,1.1606765625000002,0.06025000000000001,0.8443281250000001,0.09542187500000002
46200,1.1615578125000001,0.06084374999999998,0.8452812499999999,0.09387500000000001
46300,1.1620609375000002,0.06126562499999999,0.8457656250000004,0.09296875
46400,1.1610437499999995,0.06165624999999997,0.845890625,0.09245312499999998
46500,1.1603078125000001,0.06226562499999997,0.8494531249999999,0.08828125000000002
46600,1.1587359375000001,0.06104687499999997,0.8503749999999999,0.088578125
46700,1.1573171875000003,0.05968749999999999,0.8507812499999999,0.08953124999999999
46800,1.1558796874999997,0.05893749999999999,0.8506874999999998,0.090375
46900,1.1531046875000002,0.057968749999999986,0.8518593750000002,0.09017187500000001
47000,1.1532890624999999,0.05731250000000001,0.8513281249999998,0.091359375
47100,1.1501921875,0.056515625000000014,0.8548281249999999,0.08865625
47200,1.149884375,0.055718749999999984,0.8531875,0.09109375000000004
47300,1.1517171875000005,0.05723437499999999,0.85271875,0.09004687499999998
47400,1.15199375,0.056624999999999995,0.85121875,0.09215625
47500,1.1530718750000006,0.05779687499999999,0.8505312499999997,0.09167187500000001
47600,1.1526031250000002,0.057624999999999996,0.84990625,0.09246875000000003
47700,1.151375,0.05668749999999999,0.8517187500000001,0.09159374999999999
47800,1.1507078125,0.056046874999999996,0.8520781249999999,0.09187500000000003
47900,1.150384375,0.05623437499999999,0.8529218750000003,0.09084374999999997
48000,1.150646875,0.05531249999999998,0.8508437499999998,0.09384375000000002
48100,1.1531921875,0.05634374999999999,0.8489531249999998,0.094703125
48200,1.1535749999999998,0.056718750000000005,0.8489375,0.09434374999999999
48300,1.1523296875,0.057125,0.8530000000000004,0.08987500000000001
48400,1.1503656249999998,0.056343749999999984,0.8551562500000004,0.08850000000000001
48500,1.153128125,0.05739062499999998,0.8525624999999998,0.09004687500000001
48600,1.1543984374999998,0.05873437499999999,0.8526249999999999,0.08864062500000003
48700,1.1548609375,0.05868750000000002,0.8511093749999998,0.09020312500000001
48800,1.15590625,0.05853124999999999,0.8483124999999998,0.09315625000000001
48900,1.155390625,0.05774999999999999,0.849140625,0.09310937500000002
49000,1.154740625,0.057046875,0.848578125,0.09437500000000001
49100,1.154421875,0.05657812499999999,0.8454687500000002,0.097953125
49200,1.1545187499999996,0.05589062499999998,0.8457031250000002,0.09840625
49300,1.1551890624999999,0.05632812500000001,0.845421875,0.09825000000000003
49400,1.1557921875000001,0.05614062499999998,0.8447968750000002,0.09906249999999997
49500,1.1559953125000002,0.05673437499999999,0.846515625,0.09675000000000002
49600,1.1550203124999998,0.05682812499999999,0.848203125,0.09496874999999998
49700,1.1554765624999994,0.05729687499999998,0.8491093749999999,0.09359374999999999
49800,1.1560781250000003,0.05729687499999999,0.8479218750000002,0.09478125000000001
49900,1.15429375,0.057328124999999994,0.8515937499999999,0.09107812500000001
50000,1.152384375,0.056562499999999995,0.852140625,0.09129687500000001
50100,1.1506453125,0.055421874999999995,0.8516874999999999,0.09289062499999998
50200,1.1518703125000003,0.05598437499999999,0.84903125,0.09498437499999997
50300,1.1543062499999996,0.05614062499999998,0.8465312500000001,0.09732812500000002
50400,1.1530546875,0.05520312499999999,0.8462499999999998,0.09854687499999996
50500,1.1520281250000004,0.05565624999999999,0.8483749999999999,0.09596874999999999
50600,1.1536140624999995,0.055562500000000015,0.8467968750000001,0.09764062500000002
50700,1.1544843749999996,0.055421874999999995,0.846375,0.098203125
50800,1.1541937500000001,0.05478124999999999,0.8443437500000003,0.10087499999999999
50900,1.1551234374999997,0.055078125,0.8445312500000002,0.10039062500000001
51000,1.15304375,0.05435937499999999,0.8486406250000004,0.097
51100,1.1518484375,0.054359375,0.8489531250000001,0.09668750000000001
51200,1.1490046874999995,0.053890625,0.8520312499999997,0.094078125
51300,1.1485312500000002,0.053734375,0.8529531250000001,0.09331250000000005
51400,1.1498828124999998,0.0544375,0.8500312499999999,0.09553125000000003
51500,1.1506203125,0.05476562499999999,0.8502968750000002,0.09493750000000002
51600,1.1516062500000002,0.05559374999999999,0.849046875,0.09535937500000002
51700,1.1521593749999999,0.055671875,0.8484999999999999,0.095828125
51800,1.1536265625000002,0.056546875,0.8485937499999997,0.09485937500000002
51900,1.1534734375000002,0.05651562499999999,0.8489375,0.09454687500000002
52000,1.1533046875000001,0.05645312499999998,0.8482968749999997,0.09525000000000002
52100,1.1542796875,0.05759374999999999,0.8476250000000001,0.09478124999999998
52200,1.1553890625000003,0.056734375,0.8453750000000003,0.09789062500000004
52300,1.1553109375000001,0.05679687499999999,0.8456249999999998,0.097578125
52400,1.1550218750000003,0.05698437499999999,0.845625,0.09739062500000004
52500,1.1551109375,0.056937499999999995,0.844890625,0.09817187499999999
52600,1.1551124999999995,0.057640624999999994,0.8468593750000001,0.09550000000000002
52700,1.1528062500000003,0.057421875000000004,0.8467031250000002,0.09587500000000002
52800,1.1536875000000002,0.057359375000000004,0.8460937500000001,0.09654687499999995
52900,1.152646875,0.05670312499999997,0.848453125,0.09484375
53000,1.1505796874999996,0.05570312499999999,0.8484999999999998,0.09579687500000005
53100,1.1488843750000004,0.054828125,0.8506562500000002,0.094515625
53200,1.1478187499999997,0.054828125000000005,0.8515937499999997,0.09357812499999998
53300,1.1470203125000002,0.0546875,0.8522499999999998,0.0930625
