step,mean_aspect_ratio,fraction_elongated,fraction_round,fraction_binary
100,1.0,0.0,1.0,0.0
200,2.2683031249999996,0.47939062500000007,0.045265625000000004,0.47534375
300,2.4322578125,0.6973749999999997,0.06485937500000001,0.237765625
400,2.4544578125000003,0.7459374999999999,0.07278124999999999,0.18128124999999995
500,2.4527406249999997,0.7546250000000001,0.079984375,0.16539062499999996
600,2.4424421874999984,0.7504062500000002,0.08848437499999996,0.161109375
700,2.429823437499999,0.7468906249999999,0.09707812500000002,0.15603124999999998
800,2.4238359375000003,0.7441718749999999,0.10390625000000002,0.15192187500000004
900,2.4171312499999997,0.7403124999999996,0.10648437499999999,0.15320312499999997
1000,2.4116796874999995,0.7383593750000003,0.111671875,0.14996874999999996
1100,2.4031843750000004,0.7336874999999998,0.11828125000000002,0.14803124999999998
1200,2.398068750000001,0.7331718750000004,0.12126562500000004,0.14556250000000004
1300,2.3964406249999985,0.7313593749999999,0.12214062499999997,0.14650000000000002
1400,2.3970671875000007,0.731171875,0.1228125,0.146015625
1500,2.4007875000000007,0.7341875000000002,0.11943750000000003,0.14637499999999998
1600,2.4034921875,0.7361718749999999,0.11920312500000001,0.144625
1700,2.4026671875,0.7378593750000001,0.12100000000000001,0.14114062500000002
1800,2.3970984375,0.7346718749999999,0.12565625000000002,0.13967187499999997
1900,2.39711875,0.7350312499999999,0.12514062499999998,0.139828125
2000,2.397182812500001,0.7351249999999997,0.12590625,0.13896875
2100,2.3960156249999995,0.7338125000000002,0.12684374999999998,0.13934375000000002
2200,2.401357812499999,0.7375625000000001,0.12315625,0.13928124999999994
2300,2.405660937500001,0.7420781249999998,0.12232812500000002,0.13559374999999999
2400,2.409626562500001,0.74534375,0.12109375000000001,0.13356250000000003
2500,2.4158125000000004,0.7488750000000004,0.11696875000000002,0.13415625
2600,2.4174046875,0.7505625,0.11839062500000001,0.13104687500000003
2700,2.4203640625,0.7519687499999997,0.11756250000000006,0.13046875000000002
2800,2.4230093750000004,0.7527187500000001,0.11635937500000001,0.13092187500000005
2900,2.4281953125,0.754953125,0.11374999999999998,0.13129687499999998
3000,2.4282625000000015,0.7558593750000001,0.11378124999999999,0.13035937499999997
3100,2.430385937499999,0.75796875,0.1128125,0.12921875000000002
3200,2.429346875,0.757671875,0.11428125,0.12804687500000006
3300,2.4276359375,0.7584218750000001,0.116171875,0.12540625000000002
3400,2.42913125,0.7588749999999999,0.11473437500000001,0.12639062500000003
3500,2.4300359375000005,0.7593125000000001,0.11523437500000001,0.12545312500000003
3600,2.433324999999999,0.7606562499999998,0.11409375000000002,0.12525
3700,2.4359937499999997,0.7626718750000001,0.11196875,0.12535937500000002
3800,2.4363750000000004,0.7633906250000002,0.11257812499999999,0.12403125
3900,2.4426374999999996,0.7673281249999999,0.109109375,0.12356249999999999
4000,2.4440374999999994,0.7672656250000002,0.10829687500000003,0.12443750000000002
4100,2.4461625000000007,0.7690781250000003,0.1080625,0.12285937499999999
4200,2.4467125000000007,0.770015625,0.10879687500000003,0.12118750000000003
4300,2.448378125,0.7706093749999999,0.10828125000000001,0.12110937499999998
4400,2.4509296875000004,0.7714687500000003,0.103765625,0.12476562500000003
4500,2.4547093749999993,0.7738125000000001,0.10265625,0.12353125000000004
4600,2.4576078124999996,0.7772812500000001,0.10285937499999998,0.11985937499999998
4700,2.4614499999999992,0.77896875,0.10057812500000005,0.12045312500000002
4800,2.467707812500001,0.7823906249999999,0.09779687499999999,0.11981250000000004
4900,2.4679046875000004,0.7825000000000001,0.09823437500000001,0.11926562499999997
5000,2.4664281250000006,0.7817812500000001,0.09931249999999998,0.11890625000000006
5100,2.4628781249999996,0.7806562499999999,0.10246874999999998,0.11687499999999999
5200,2.4633328124999996,0.7809999999999998,0.10154687500000002,0.117453125
5300,2.4666124999999997,0.7823750000000003,0.09978125,0.11784374999999996
5400,2.4670828125,0.7815156249999999,0.09846875000000002,0.120015625
5500,2.4709656250000003,0.782671875,0.09656250000000002,0.12076562500000004
5600,2.4738687500000007,0.7845625000000003,0.09476562500000002,0.12067187500000004
5700,2.474996875000001,0.78525,0.09471875000000002,0.12003125
5800,2.4766234375000002,0.7866718750000004,0.09399999999999999,0.11932812500000003
5900,2.4785140625,0.7898750000000002,0.09484374999999995,0.11528125
6000,2.4785000000000017,0.79003125,0.09374999999999999,0.11621875000000005
6100,2.4806046875000005,0.7918437499999998,0.092703125,0.11545312499999998
6200,2.4803796874999997,0.7915937499999999,0.09414062499999999,0.11426562500000001
6300,2.4794937499999996,0.7909375,0.09246874999999997,0.11659375
6400,2.4809328124999994,0.7905156250000002,0.09225,0.11723437500000003
6500,2.480206250000001,0.7890781249999999,0.09310937500000001,0.11781250000000004
6600,2.4790781250000005,0.7879843749999998,0.09415625000000002,0.11785937500000002
6700,2.476984375,0.7869062500000001,0.09471874999999999,0.11837500000000001
6800,2.475960937500001,0.7862968749999999,0.095078125,0.118625
6900,2.478878124999999,0.7883906249999999,0.09360937500000004,0.118
7000,2.482543749999999,0.7934374999999999,0.09187500000000003,0.11468749999999998
7100,2.4856812500000007,0.79571875,0.09062500000000004,0.11365625000000003
7200,2.489271875,0.7984062500000001,0.08935937500000002,0.11223437500000004
7300,2.4934703125000004,0.7992656250000001,0.08549999999999996,0.115234375
7400,2.4956671875000005,0.7995312499999999,0.08428124999999996,0.11618750000000001
7500,2.494339062500001,0.7992500000000001,0.08473437500000003,0.11601562500000002
7600,2.4948375,0.799375,0.08459375,0.11603125
7700,2.4966203124999997,0.8014531249999999,0.08464062500000002,0.11390624999999997
7800,2.5011828125,0.803140625,0.0818125,0.115046875
7900,2.503217187500001,0.8037968750000001,0.08118750000000002,0.115015625
8000,2.5033640625000007,0.804984375,0.08275000000000005,0.11226562500000004
8100,2.504565625,0.8048593749999999,0.08229687500000002,0.11284375000000002
8200,2.504970312500001,0.8055781249999999,0.08221875000000001,0.11220312500000003
8300,2.5079124999999993,0.8061562499999999,0.08012499999999997,0.11371875000000005
8400,2.5088281250000017,0.8060468749999999,0.0798125,0.114140625
8500,2.510817187500001,0.80840625,0.078375,0.11321874999999997
8600,2.5133109375000005,0.8097031250000001,0.077640625,0.11265625000000001
8700,2.5158000000000005,0.8115312499999998,0.076546875,0.11192187500000003
8800,2.5165421875,0.8127656249999998,0.07603125,0.11120312499999999
8900,2.5174953125,0.8135937499999999,0.075046875,0.111359375
9000,2.5232781249999996,0.8166406249999999,0.072328125,0.11103125000000003
9100,2.5262890625,0.8196874999999998,0.070953125,0.10935937500000001
9200,2.5268109375,0.8186093750000001,0.07070312499999999,0.1106875
9300,2.5272937500000014,0.8189843749999998,0.07015624999999999,0.11085937500000002
9400,2.5290453124999996,0.8205625000000003,0.0700625,0.10937500000000004
9500,2.5298265625,0.8213124999999998,0.068859375,0.10982812499999998
9600,2.5280062499999993,0.8216249999999999,0.07128124999999999,0.10709375000000003
9700,2.529790624999999,0.821734375,0.070578125,0.10768750000000002
9800,2.5296453124999996,0.8226562499999996,0.07120312499999999,0.10614062500000003
9900,2.5302734374999996,0.8220625,0.06987499999999999,0.10806250000000005
10000,2.5297734375000003,0.8217656249999999,0.07090625,0.10732812500000002
10100,2.53115,0.822796875,0.070609375,0.10659375000000006
10200,2.5342171875000004,0.8246874999999999,0.06835937499999999,0.10695312500000001
10300,2.5349437499999996,0.8252031249999998,0.067359375,0.10743750000000003
10400,2.5346343749999996,0.8250156250000001,0.06865625000000002,0.10632812499999998
10500,2.5299890625000008,0.8222343750000001,0.07087499999999998,0.10689062500000004
10600,2.5287515624999997,0.8210937500000001,0.07065625000000003,0.10825
10700,2.5285421875000007,0.821453125,0.07131250000000003,0.10723437500000003
10800,2.527515625,0.821390625,0.071921875,0.1066875
10900,2.5300906250000006,0.823921875,0.07109375,0.104984375
11000,2.529981249999999,0.8243906249999999,0.071140625,0.10446875
11100,2.5343687500000005,0.8268124999999998,0.06746875,0.10571874999999997
11200,2.5383234374999994,0.8291874999999997,0.06560937499999998,0.10520312500000002
11300,2.5427609375,0.8326718750000001,0.06340625000000001,0.103921875
11400,2.5446859375000006,0.833734375,0.063390625,0.10287500000000002
11500,2.5446390625000004,0.8326406249999998,0.06271874999999999,0.10464062500000007
11600,2.5465203125,0.8349218749999998,0.06260937499999998,0.10246875000000003
11700,2.5466171875,0.8344843749999998,0.06282812499999997,0.10268749999999999
11800,2.5461218750000003,0.8336406250000001,0.06254687499999999,0.1038125
11900,2.5453562500000007,0.8330468750000001,0.06370312500000001,0.10325
12000,2.5480390624999996,0.835734375,0.062328124999999984,0.10193749999999999
12100,2.5501609374999994,0.837875,0.06034375000000001,0.10178125
12200,2.5550953124999998,0.8405000000000001,0.057499999999999996,0.10200000000000005
12300,2.557495312500001,0.8415624999999998,0.055640625,0.10279687500000001
12400,2.5561171875,0.8406093750000001,0.05742187499999999,0.10196875000000004
12500,2.555464062499999,0.8407812499999999,0.05971875000000001,0.0995
12600,2.5528328124999993,0.839578125,0.060999999999999985,0.099421875
12700,2.5478890624999995,0.836296875,0.063765625,0.0999375
12800,2.5476109374999996,0.8354999999999999,0.06340625,0.10109375000000004
12900,2.5481093750000006,0.835625,0.06264062499999999,0.10173437499999999
13000,2.546140625,0.8352968750000002,0.064171875,0.10053125000000002
13100,2.543396875,0.8344374999999999,0.06696875,0.09859375
13200,2.5438656250000005,0.833921875,0.06515625,0.100921875
13300,2.5491421875000007,0.8369687500000002,0.06203124999999999,0.10099999999999999
13400,2.5526234375000008,0.838984375,0.060187500000000005,0.10082812500000002
13500,2.5536328125000005,0.8396406250000001,0.05910937500000001,0.10124999999999999
13600,2.5580468749999983,0.8421250000000003,0.05656249999999999,0.1013125
13700,2.5595203125000014,0.8440625000000003,0.05690624999999999,0.09903125
13800,2.560254687499999,0.8455312500000002,0.056828124999999986,0.097640625
13900,2.5625046874999997,0.8472968749999998,0.055843749999999984,0.096859375
14000,2.5602265625,0.8454531249999999,0.057296874999999976,0.09725
14100,2.55915,0.84584375,0.05709374999999997,0.0970625
14200,2.5595703124999996,0.8453749999999999,0.05735937500000001,0.09726562499999997
14300,2.561087500000001,0.8473750000000002,0.056640624999999986,0.09598437500000001
14400,2.5608171875,0.8474843750000002,0.05642187499999999,0.09609374999999999
14500,2.562189062500001,0.848625,0.056125,0.09525000000000002
14600,2.5667359375000003,0.8519687499999999,0.053796875,0.09423437500000002
14700,2.5700343750000005,0.8526406249999998,0.05203125,0.09532812499999996
14800,2.572165624999999,0.8551093749999997,0.05075000000000001,0.09414062499999999
14900,2.5697265625,0.8537343749999998,0.052500000000000026,0.093765625
15000,2.5703078124999994,0.85271875,0.05106249999999999,0.09621874999999999
15100,2.5706484375000014,0.8531093750000001,0.050984375,0.09590625000000003
15200,2.569578125,0.852828125,0.052171875000000006,0.095
15300,2.5686921875,0.852,0.053500000000000006,0.09449999999999999
15400,2.569418750000002,0.8521875000000002,0.05303125,0.09478125
15500,2.5693374999999996,0.8512656249999999,0.05281249999999999,0.09592187500000003
15600,2.5699656249999996,0.8524843749999997,0.05234374999999998,0.09517187500000004
15700,2.570742187500001,0.8532812499999998,0.05170312499999998,0.095015625
15800,2.5727374999999992,0.854140625,0.051359375,0.09450000000000001
15900,2.5721390625,0.8544531250000001,0.05229687499999999,0.09325000000000003
16000,2.5726687500000005,0.8544062499999999,0.051281249999999994,0.09431250000000001
16100,2.5711968750000005,0.855203125,0.053281249999999995,0.09151562500000003
16200,2.5707859374999993,0.8553437500000002,0.05315624999999999,0.09150000000000001
16300,2.5727046875,0.8567500000000001,0.052140624999999996,0.09110937500000002
16400,2.5750156250000003,0.8582812499999999,0.050921874999999985,0.090796875
16500,2.577546875000001,0.8595468749999998,0.049640625,0.0908125
16600,2.57871875,0.8603124999999999,0.048812499999999995,0.09087500000000004
16700,2.5817984375000007,0.8611562499999997,0.04710937499999998,0.091734375
16800,2.5844015625,0.86140625,0.04518749999999998,0.09340625000000001
16900,2.5851265625000006,0.8602968749999998,0.04354687499999997,0.09615625000000001
17000,2.5862218749999997,0.8625156250000001,0.04404687499999999,0.09343750000000002
17100,2.5878609374999995,0.8643906250000004,0.04371874999999999,0.09189062499999999
17200,2.58839375,0.865109375,0.043703124999999995,0.09118750000000003
17300,2.5872187500000003,0.8651875000000002,0.044249999999999984,0.09056249999999999
17400,2.58714375,0.8647968749999997,0.04409375,0.091109375
17500,2.5871578124999997,0.8645468749999999,0.04468749999999999,0.09076562499999999
17600,2.5846531250000004,0.8637343749999998,0.04679687500000001,0.08946875000000001
17700,2.5826828125,0.8611093749999997,0.046203124999999984,0.0926875
17800,2.584115625000001,0.8615312500000002,0.04582812499999997,0.09264062499999998
17900,2.5841531250000003,0.8617343749999999,0.04648437500000001,0.09178124999999997
18000,2.586417187499999,0.8623593749999998,0.044234374999999986,0.09340625000000002
18100,2.588373437499999,0.8650468749999998,0.04317187499999999,0.09178125000000004
18200,2.589798437499999,0.8655781250000003,0.04285937499999999,0.09156250000000002
18300,2.589765625,0.8658593749999998,0.04328124999999999,0.09085937500000002
18400,2.5887249999999993,0.8647656250000003,0.0436875,0.091546875
18500,2.5863453124999998,0.8641562500000002,0.045093749999999995,0.09074999999999997
18600,2.585275,0.863578125,0.045578125,0.09084375000000001
18700,2.5856609375000006,0.864359375,0.04670312499999999,0.0889375
18800,2.5825968749999992,0.862796875,0.047750000000000015,0.08945312500000002
18900,2.5831515625,0.862640625,0.046421874999999994,0.09093749999999998
19000,2.5836546874999993,0.8622500000000001,0.046531249999999975,0.09121875000000002
19100,2.5825093750000008,0.86103125,0.04698437499999998,0.09198437500000002
19200,2.5820625,0.861796875,0.047812499999999994,0.09039062499999997
19300,2.5846828124999996,0.8627656250000002,0.046499999999999986,0.090734375
19400,2.5855484375000004,0.86378125,0.0456875,0.09053125000000004
19500,2.588401562499999,0.865484375,0.043890624999999996,0.09062500000000002
19600,2.589523437499999,0.8661718750000001,0.04293749999999999,0.09089062500000003
19700,2.590471875,0.865796875,0.04209374999999999,0.09210937499999998
19800,2.5886718749999997,0.8636562499999999,0.04287499999999999,0.09346875
19900,2.5866890625,0.8627187499999999,0.044578124999999996,0.09270312499999996
20000,2.586548437500001,0.8625312500000001,0.044421875000000006,0.09304687500000001
20100,2.5861703125000006,0.8636875000000004,0.04578124999999999,0.09053125000000004
20200,2.585156250000001,0.8638125000000002,0.04665624999999999,0.08953125000000002
20300,2.5858640625000002,0.8637968750000002,0.04654687499999998,0.08965624999999999
20400,2.5839406249999994,0.8632500000000001,0.04782812499999999,0.08892187500000001
20500,2.58445,0.8635468749999999,0.046390625,0.09006250000000002
20600,2.58826875,0.8656093749999997,0.044546874999999986,0.08984375000000001
20700,2.591059375000001,0.8674687499999999,0.043453124999999974,0.08907812499999998
20800,2.5916875000000004,0.8682812499999997,0.04364062499999998,0.08807812499999998
20900,2.5904765625,0.8671249999999998,0.04326562499999999,0.08960937499999999
21000,2.5917921875,0.86840625,0.04234375,0.08925
21100,2.5920921875,0.8683906250000002,0.043125000000000004,0.088484375
21200,2.5911609374999998,0.8677968750000001,0.04387499999999999,0.08832812500000002
21300,2.5900484374999997,0.8675781250000002,0.04485937500000001,0.08756250000000002
21400,2.589643749999999,0.8671250000000001,0.04490624999999999,0.08796875000000004
21500,2.5883750000000005,0.8663593749999999,0.044984374999999986,0.08865624999999998
21600,2.588998437500001,0.8657500000000001,0.04429687499999999,0.08995312500000004
21700,2.5897421875,0.865390625,0.044171874999999985,0.0904375
21800,2.5886109374999995,0.8640781249999999,0.044374999999999984,0.09154687499999997
21900,2.5892468750000006,0.8640781249999999,0.04378124999999996,0.09214062500000003
22000,2.591548437499999,0.865546875,0.042796875,0.09165625000000001
22100,2.590709375,0.8653593749999998,0.042874999999999996,0.09176562500000003
22200,2.5925093749999997,0.866703125,0.042406249999999986,0.090890625
22300,2.5933453125,0.866671875,0.04228124999999998,0.091046875
22400,2.592220312500001,0.8660156250000001,0.04296875,0.09101562500000002
22500,2.5899437499999998,0.8646562500000001,0.044078124999999996,0.091265625
22600,2.590946875,0.8663593749999998,0.044078125,0.08956250000000002
22700,2.5911781249999994,0.8665781249999998,0.043671874999999985,0.08974999999999997
22800,2.592306250000001,0.8674375000000002,0.04274999999999999,0.08981250000000003
22900,2.5924984375000006,0.8676093749999998,0.04299999999999998,0.089390625
23000,2.5938140625,0.8670312499999997,0.04210937499999999,0.09085937500000003
23100,2.5945156249999997,0.8664374999999999,0.04090624999999998,0.09265625000000004
23200,2.5950453124999995,0.8673906250000001,0.04132812499999999,0.09128124999999997
23300,2.5962875,0.8680937500000002,0.041187499999999995,0.09071874999999997
23400,2.5963812500000008,0.868453125,0.04164062499999999,0.08990625000000001
23500,2.5971156249999994,0.8686562499999997,0.03959374999999998,0.09175000000000003
23600,2.5984921874999984,0.8699374999999998,0.039546875,0.09051562499999996
23700,2.5995515625000003,0.8719687499999998,0.03890624999999998,0.08912500000000002
23800,2.6016328125,0.8721249999999998,0.03753124999999999,0.09034375000000007
23900,2.6027796875,0.8724531250000002,0.036890624999999996,0.09065625000000005
24000,2.603790625,0.8734843749999999,0.03707812499999999,0.0894375
24100,2.6034999999999995,0.8727343750000003,0.037343749999999995,0.08992187500000003
24200,2.6033515625,0.8737499999999997,0.037171875,0.08907812500000002
24300,2.6060062500000005,0.8754687499999999,0.03576562499999999,0.08876562500000001
24400,2.6074078124999995,0.87553125,0.03524999999999999,0.08921875
24500,2.6055640624999996,0.8747968749999999,0.03567187499999999,0.08953125
24600,2.607660937500001,0.8756875000000002,0.03535937499999999,0.08895312500000001
24700,2.609329687499999,0.8772968750000001,0.034390624999999994,0.08831250000000003
24800,2.6110109375,0.878359375,0.033296875,0.08834375000000003
24900,2.6096796875000003,0.8779375,0.03400000000000001,0.08806249999999997
25000,2.6098109375000003,0.8774218749999998,0.034265625,0.08831249999999999
25100,2.6092703124999996,0.8766406249999997,0.03364062499999999,0.08971875000000003
25200,2.6088625000000003,0.8766718750000002,0.03403124999999999,0.08929687500000004
25300,2.608934375,0.8770156250000001,0.03468749999999999,0.08829687500000004
25400,2.607643750000001,0.876328125,0.03473437499999999,0.08893750000000003
25500,2.6075328124999997,0.8764218750000002,0.034890624999999995,0.08868750000000002
25600,2.6077890624999998,0.8760625000000001,0.03465624999999999,0.08928124999999994
25700,2.6072640625000005,0.875875,0.03549999999999997,0.08862500000000004
25800,2.6075687499999987,0.8765625,0.03549999999999998,0.08793750000000002
25900,2.60914375,0.8781249999999999,0.03531249999999998,0.08656249999999996
26000,2.6085734374999996,0.8774531250000003,0.03540625,0.08714062500000004
26100,2.6098859375000005,0.87853125,0.034562499999999996,0.08690625000000002
26200,2.6119640624999994,0.8794531250000002,0.032796874999999996,0.08775000000000002
26300,2.6131187500000004,0.8800000000000001,0.032562499999999994,0.08743749999999999
26400,2.6142328124999987,0.8807968749999999,0.03228124999999999,0.08692187500000001
26500,2.6147421875,0.8815312500000002,0.03148437499999998,0.086984375
26600,2.61498125,0.8820468749999998,0.03149999999999999,0.08645312499999998
26700,2.6165359375,0.883328125,0.03071874999999999,0.08595312500000003
26800,2.6162531250000005,0.8831249999999999,0.031124999999999993,0.08574999999999997
26900,2.6164156249999997,0.883421875,0.031312499999999986,0.08526562499999996
27000,2.6172640625000008,0.8835781249999997,0.03084374999999999,0.085578125
27100,2.6168921875000004,0.8827343750000003,0.030546874999999977,0.08671875000000001
27200,2.61806875,0.88378125,0.03046874999999998,0.08575000000000002
27300,2.6182234374999998,0.8848125000000001,0.030968749999999982,0.08421875000000001
27400,2.6170218750000003,0.8833906250000001,0.03090624999999998,0.08570312499999998
27500,2.618446875000001,0.884765625,0.02985937499999999,0.08537500000000002
27600,2.6185093750000004,0.8851406249999999,0.02959374999999998,0.085265625
27700,2.6191390625000004,0.8850625000000004,0.029531249999999985,0.08540625000000002
27800,2.618876562500001,0.8853125000000001,0.029874999999999992,0.08481250000000004
27900,2.6184437499999995,0.8849843750000004,0.029953124999999983,0.08506250000000003
28000,2.6166062500000007,0.8845781249999998,0.031937499999999994,0.08348437500000004
28100,2.614699999999999,0.8837968749999999,0.03303124999999999,0.083171875
28200,2.6142359374999993,0.8824375000000003,0.03284374999999998,0.08471874999999998
28300,2.6142609375000005,0.8825,0.03248437499999998,0.08501562500000003
28400,2.614315625,0.8829374999999999,0.03292187499999998,0.08414062500000001
28500,2.6140484375,0.8833750000000002,0.03329687499999998,0.08332812500000002
28600,2.6142859375,0.883546875,0.032734374999999975,0.08371875
28700,2.6145140625,0.8831718750000002,0.03210937499999999,0.08471875000000004
28800,2.61816875,0.8849531249999999,0.03015624999999999,0.08489062499999998
28900,2.620482812500001,0.8864843749999999,0.029343749999999984,0.08417187499999998
29000,2.6194812500000006,0.8867500000000003,0.03007812499999998,0.08317187499999999
29100,2.6173625,0.8852031249999999,0.031171874999999988,0.08362500000000003
29200,2.6165109375000006,0.88425,0.030718749999999975,0.08503125
29300,2.613871875000002,0.8828437500000001,0.03237499999999999,0.08478125000000003
29400,2.613378125,0.8825156249999998,0.03187499999999998,0.08560937500000002
29500,2.6131890624999996,0.8814531250000005,0.03224999999999999,0.08629687499999998
29600,2.6133375000000005,0.8817656249999998,0.032843749999999984,0.08539062500000007
29700,2.6101125000000005,0.879421875,0.03429687499999999,0.08628125000000002
29800,2.60831875,0.8777968749999998,0.03548437499999998,0.08671875000000001
29900,2.6064609375000005,0.8755624999999998,0.035796874999999985,0.088640625
30000,2.6063375,0.875078125,0.03590624999999999,0.08901562499999997
30100,2.6070703125,0.8767031250000001,0.03504687499999997,0.08825000000000002
30200,2.609284375,0.8783437500000002,0.034703124999999974,0.08695312500000002
30300,2.610121874999999,0.8793124999999996,0.033968749999999964,0.08671875000000001
30400,2.6132656250000004,0.8815156249999999,0.032468749999999984,0.086015625
30500,2.614190624999999,0.881734375,0.03182812499999998,0.08643749999999997
30600,2.612807812499999,0.8809374999999997,0.033156249999999984,0.08590625
30700,2.6117125000000003,0.8803125,0.03364062499999997,0.08604687500000002
30800,2.610084375000001,0.8790312499999999,0.03434374999999998,0.086625
30900,2.6083234375000006,0.87703125,0.03549999999999998,0.08746874999999997
31000,2.6090890625000007,0.8777499999999997,0.035062499999999976,0.0871875
31100,2.606978125,0.8766249999999998,0.03621874999999999,0.08715624999999996
31200,2.6059390624999996,0.87584375,0.03685937499999997,0.087296875
31300,2.6049500000000005,0.8749062499999997,0.037874999999999985,0.08721875000000003
31400,2.6047578125,0.8749843749999997,0.03734374999999998,0.08767187499999998
31500,2.603176562500001,0.873921875,0.038093749999999996,0.08798437500000005
31600,2.6035593750000006,0.8736718750000001,0.03735937499999999,0.08896875
31700,2.6043562500000013,0.8743593750000002,0.037234374999999986,0.08840625000000002
31800,2.6065328125,0.8746093749999999,0.034687499999999975,0.09070312500000001
31900,2.6079999999999997,0.876984375,0.03439062499999998,0.08862500000000004
32000,2.6108859374999995,0.8783750000000001,0.03310937499999999,0.088515625
32100,2.613396875000001,0.8801562500000001,0.03221874999999999,0.08762499999999998
32200,2.614218749999999,0.8808906249999998,0.03226562499999998,0.08684375000000003
32300,2.6132265624999995,0.880515625,0.03293749999999998,0.086546875
32400,2.611865625000001,0.8800312499999999,0.03351562499999998,0.086453125
32500,2.6120468749999994,0.8800468749999999,0.03279687499999998,0.08715625000000003
32600,2.6129124999999997,0.8802812499999999,0.03273437499999998,0.08698437500000002
32700,2.61240625,0.8802187499999999,0.03326562499999998,0.08651562500000004
32800,2.6106031250000004,0.8783281250000001,0.034109374999999977,0.08756249999999999
32900,2.610057812500001,0.8770312499999999,0.03364062499999998,0.08932812499999998
33000,2.6069734375,0.8752656249999999,0.03524999999999999,0.089484375
33100,2.6062890624999997,0.874875,0.036296874999999985,0.08882812500000001
33200,2.6056171874999996,0.8743906249999999,0.03629687499999998,0.08931249999999998
33300,2.607671875,0.8761406250000001,0.03493749999999997,0.08892187500000003
33400,2.609773437500001,0.877359375,0.03435937499999999,0.08828125000000002
33500,2.6112624999999996,0.8786875000000002,0.03321874999999999,0.08809375000000003
33600,2.611701562499999,0.8788437499999996,0.03287499999999998,0.08828124999999999
33700,2.6125218749999997,0.8793281249999999,0.03274999999999998,0.08792187499999997
33800,2.6125390625,0.8798281249999998,0.033218749999999984,0.08695312500000003
33900,2.6138078125,0.880484375,0.032531249999999984,0.08698437500000003
34000,2.6124265625000005,0.8800781249999998,0.033124999999999995,0.086796875
34100,2.6112656250000006,0.8787499999999999,0.03385937499999999,0.08739062499999997
34200,2.609759374999999,0.8776875,0.03434374999999998,0.08796875000000001
34300,2.6099078125000004,0.8779218750000001,0.03403124999999999,0.08804687499999998
34400,2.6118484375000004,0.8796718749999998,0.03348437499999999,0.08684375000000004
34500,2.6136000000000004,0.8807187500000001,0.03276562499999998,0.08651562499999998
34600,2.615187500000002,0.8817499999999998,0.031921874999999995,0.08632812499999999
34700,2.615025000000001,0.881,0.0318125,0.08718750000000001
34800,2.6154999999999995,0.8815781249999999,0.03184375,0.086578125
34900,2.6165734375000005,0.882578125,0.03142187499999999,0.086
35000,2.6157531250000003,0.8816406250000002,0.03193749999999999,0.08642187500000002
35100,2.6139625000000004,0.8810468749999999,0.0325,0.08645312499999999
35200,2.611624999999999,0.879375,0.03378124999999998,0.08684375000000001
35300,2.6114640624999996,0.8785781249999997,0.03395312499999998,0.08746875000000001
35400,2.6097453125,0.877390625,0.034359375,0.08825
35500,2.609898437499999,0.8769374999999999,0.03428124999999998,0.08878124999999998
35600,2.6094250000000008,0.876921875,0.03495312499999998,0.08812500000000001
35700,2.608232812500001,0.8760625,0.03510937499999998,0.08882812500000002
35800,2.6087296875000003,0.8769687500000003,0.034843749999999986,0.08818749999999999
35900,2.6095140625,0.8772812500000001,0.03382812499999997,0.088890625
36000,2.6096906250000003,0.87746875,0.033843749999999985,0.08868749999999997
36100,2.6120593750000007,0.8789375,0.03278125,0.08828124999999998
36200,2.615662499999999,0.8826250000000002,0.03196875,0.08540624999999999
36300,2.6160296874999998,0.883796875,0.031796874999999995,0.08440624999999999
36400,2.614781250000001,0.8832187499999998,0.03215624999999999,0.08462499999999998
36500,2.6137968750000002,0.881609375,0.03287499999999999,0.08551562500000001
36600,2.6115749999999993,0.880484375,0.03365624999999998,0.08585937499999999
36700,2.6116437500000003,0.8801249999999997,0.033640624999999987,0.08623437500000002
36800,2.610628125,0.878875,0.034093749999999985,0.08703125
36900,2.6078562499999998,0.877734375,0.03578124999999999,0.086484375
37000,2.606056249999999,0.8765468750000001,0.03682812499999999,0.08662500000000002
37100,2.6053078124999995,0.8761718749999998,0.037046874999999986,0.08678125
37200,2.6048593749999998,0.8757187500000004,0.037578125,0.086703125
37300,2.6044484375,0.8771093750000002,0.037359374999999986,0.08553124999999999
37400,2.6060875,0.8778281249999997,0.03653125,0.085640625
37500,2.6065062500000002,0.877921875,0.03617187499999999,0.08590624999999999
37600,2.6050359375,0.8768437499999999,0.036890624999999996,0.08626562500000005
37700,2.604696875000001,0.8766562499999998,0.03814062499999999,0.08520312499999999
37800,2.60349375,0.8761874999999998,0.038749999999999986,0.08506250000000003
37900,2.6030734375000004,0.8748124999999999,0.038640625,0.086546875
38000,2.6013265624999993,0.8736874999999998,0.039593750000000004,0.08671874999999998
38100,2.5978203125000006,0.8720781250000001,0.04115624999999999,0.08676562500000003
38200,2.5954078124999995,0.8705312500000004,0.042953124999999995,0.08651562500000001
38300,2.5933828125,0.8690937499999998,0.04421874999999998,0.08668750000000001
38400,2.5927890625000005,0.8689843750000001,0.04446875,0.086546875
38500,2.5939,0.8696718749999999,0.043015624999999995,0.08731249999999999
38600,2.5947953124999996,0.8703437500000001,0.04185937499999997,0.087796875
38700,2.597596875,0.8722187500000002,0.040390624999999986,0.08739062499999996
38800,2.6025609375,0.8756093749999998,0.03856249999999997,0.08582812500000002
38900,2.6054796875,0.8767031249999999,0.03576562499999999,0.08753125000000005
39000,2.6066546875000003,0.8770625000000001,0.035625,0.08731250000000002
39100,2.606115625,0.8768593749999999,0.036578124999999996,0.08656250000000001
39200,2.6039593749999996,0.87584375,0.03785937499999999,0.08629687500000002
39300,2.600471875000001,0.8730312499999999,0.039359374999999995,0.08760937499999998
39400,2.5991281249999996,0.8717500000000002,0.03953124999999998,0.08871875000000001
39500,2.5998859375000003,0.8730156250000002,0.03921874999999998,0.087765625
39600,2.5997078124999993,0.8736093749999999,0.039390625,0.08700000000000001
39700,2.6020406249999994,0.8747968750000001,0.03778124999999999,0.08742187500000002
39800,2.6023437500000006,0.8753750000000003,0.038015625,0.08660937500000003
39900,2.6026890624999997,0.8745781250000001,0.037875,0.087546875
40000,2.6036828125000007,0.874921875,0.037437499999999985,0.08764062499999999
40100,2.6025265625,0.8750781249999998,0.037546874999999987,0.087375
40200,2.6050531250000004,0.8762656249999998,0.036421874999999986,0.08731249999999997
40300,2.606648437499999,0.878015625,0.03623437499999999,0.08574999999999995
40400,2.6081015624999995,0.8807812500000002,0.035171874999999984,0.084046875
40500,2.60934375,0.8824531250000002,0.03459374999999999,0.08295312499999999
40600,2.6115156250000005,0.88340625,0.033265625,0.083328125
40700,2.6113578125,0.883453125,0.03362499999999999,0.08292187500000003
40800,2.611815624999999,0.8836875000000003,0.034499999999999996,0.08181250000000001
40900,2.6107765625000003,0.8838281250000001,0.03534374999999999,0.08082812500000001
41000,2.608221875,0.8827968749999999,0.036421874999999986,0.08078125
41100,2.6047234374999997,0.8805937499999998,0.03775,0.08165624999999999
41200,2.6029828124999987,0.8797500000000001,0.039359374999999995,0.08089062500000004
41300,2.6013953125000002,0.8775468750000001,0.039296875,0.08315625000000004
41400,2.5995015625,0.8760937499999999,0.04040624999999999,0.08350000000000002
41500,2.5993874999999997,0.87575,0.04048437499999999,0.083765625
41600,2.6029656249999995,0.8776875000000001,0.03773437499999999,0.084578125
41700,2.6059249999999996,0.8803437499999996,0.03679687499999999,0.08285937499999997
41800,2.6096828125,0.8825624999999996,0.03453125,0.08290624999999999
41900,2.6117374999999994,0.883671875,0.033374999999999995,0.08295312499999999
42000,2.6106,0.88346875,0.034578124999999994,0.081953125
42100,2.6102468749999996,0.8842968750000001,0.03515624999999999,0.08054687499999999
42200,2.6095046875,0.8842500000000001,0.035343749999999986,0.08040624999999998
42300,2.6089531249999998,0.8840312500000003,0.035015624999999995,0.08095312499999999
42400,2.60945625,0.88465625,0.035031249999999986,0.08031250000000001
42500,2.6101046874999994,0.8851562500000001,0.035031249999999986,0.07981249999999998
42600,2.6119031249999995,0.8860781249999999,0.03346874999999999,0.08045312500000001
42700,2.6108703124999995,0.885296875,0.03456249999999998,0.080140625
42800,2.6090031250000005,0.8851093749999998,0.03540624999999999,0.07948437499999998
42900,2.6103671875000005,0.8853437499999999,0.034484374999999984,0.080171875
43000,2.6104125000000007,0.8861718750000003,0.034765624999999994,0.07906250000000001
43100,2.6096484375,0.8864374999999998,0.035265624999999995,0.07829687500000003
43200,2.6084984374999998,0.8848906250000002,0.03564062499999999,0.07946875
43300,2.60944375,0.8860937499999999,0.03570312499999999,0.07820312499999998
43400,2.6091671874999998,0.8857343750000001,0.03546875,0.078796875
43500,2.609590624999999,0.8862343749999996,0.03506249999999999,0.07870312500000003
43600,2.610578124999999,0.8872500000000003,0.034656249999999986,0.07809375000000003
43700,2.6106140625000003,0.8873437500000001,0.034812499999999996,0.07784375000000003
43800,2.609778125,0.8870156250000001,0.035765624999999975,0.07721875
43900,2.6088390624999995,0.8859218750000002,0.03626562499999999,0.07781250000000003
44000,2.6098640625,0.8863593749999998,0.03564062499999999,0.07800000000000003
44100,2.610164062500001,0.8869218750000001,0.03546874999999998,0.07760937500000001
44200,2.610379687500001,0.887046875,0.03490624999999998,0.07804687500000002
44300,2.6128500000000003,0.8873749999999999,0.03292187499999999,0.07970312500000001
44400,2.612381249999999,0.88690625,0.03318749999999999,0.07990625000000001
44500,2.6121343749999997,0.8873593749999998,0.033468749999999985,0.07917187500000004
44600,2.6103984375000002,0.8857031249999999,0.03406249999999999,0.08023437500000005
44700,2.6096906249999994,0.885453125,0.03559374999999998,0.07895312500000003
44800,2.6080906250000004,0.8843437499999998,0.03585937499999999,0.079796875
44900,2.60683125,0.88346875,0.036312499999999984,0.08021874999999999
45000,2.606859375,0.8830625,0.036546875,0.08039062500000002
45100,2.6049671875,0.8815625000000002,0.037312499999999985,0.08112500000000003
45200,2.6066390625,0.88246875,0.03673437499999999,0.08079687500000002
45300,2.607340625,0.8843124999999997,0.036468749999999994,0.07921875000000005
45400,2.6088765625,0.8852656250000001,0.035562500000000004,0.07917187500000002
45500,2.610776562500001,0.8864062500000003,0.03473437499999999,0.07885937500000001
45600,2.6111562499999996,0.8863437500000002,0.03451562499999999,0.07914062500000002
45700,2.6092109375,0.8845624999999999,0.03464062499999999,0.08079687500000005
45800,2.608476562500001,0.8839687499999997,0.03546874999999999,0.0805625
45900,2.6084109374999986,0.8843593750000004,0.03610937499999999,0.07953125000000001
46000,2.6092765625000003,0.8842187499999999,0.03510937499999998,0.08067187500000002
46100,2.6089328125,0.8843593749999997,0.035593749999999987,0.08004687499999999
46200,2.6111734375,0.8852343749999999,0.034734374999999984,0.08003125000000001
46300,2.6106296875,0.8855625,0.03503125,0.07940624999999997
46400,2.6121484375,0.8859062499999998,0.033640624999999987,0.08045312499999999
46500,2.612556250000001,0.8870624999999999,0.03337499999999999,0.07956250000000001
46600,2.6134734374999997,0.8873906250000003,0.03249999999999999,0.08010937500000002
46700,2.6154390624999997,0.8882343749999997,0.032359374999999996,0.07940625000000003
46800,2.6141531250000005,0.8878125,0.03287499999999999,0.07931249999999998
46900,2.614818750000001,0.8880781250000003,0.03310937499999997,0.07881250000000002
47000,2.613584375000001,0.8876249999999999,0.03390624999999998,0.07846875000000002
47100,2.6122343750000003,0.88584375,0.03428125,0.079875
47200,2.6132234375000003,0.8866250000000001,0.03335937499999998,0.080015625
47300,2.6149515625,0.8884687499999999,0.032187499999999994,0.07934375000000002
47400,2.6142609375,0.8883593750000002,0.033203124999999986,0.07843749999999998
47500,2.6135078125,0.8878750000000001,0.03373437499999999,0.078390625
47600,2.61355,0.8874374999999999,0.034218749999999985,0.07834375000000005
47700,2.610612500000001,0.8855937499999997,0.03548437499999999,0.07892187500000002
47800,2.6106546874999994,0.8852343749999998,0.035359375,0.07940625000000001
47900,2.611237500000001,0.8851875,0.03465625,0.08015625
48000,2.612684375,0.8859531249999998,0.034062499999999996,0.07998437500000001
48100,2.6157843749999996,0.887875,0.03268749999999998,0.07943750000000002
48200,2.6171484374999996,0.8882656249999997,0.03187499999999999,0.079859375
48300,2.6196312499999994,0.8905156249999999,0.030749999999999982,0.07873437500000001
48400,2.6197890624999998,0.8908750000000001,0.02973437499999999,0.07939062500000002
48500,2.6190921875,0.8904375000000001,0.0295625,0.07999999999999999
48600,2.61803125,0.8903437499999997,0.03029687499999999,0.07935937500000001
48700,2.6203687499999995,0.89125,0.029218749999999984,0.07953124999999997
48800,2.6185140624999983,0.89021875,0.03087499999999999,0.07890624999999998
48900,2.616048437499999,0.8893281249999998,0.032734374999999975,0.07793749999999998
49000,2.6152796875,0.8875781250000001,0.03295312499999998,0.07946875
49100,2.614678125,0.8864999999999997,0.032828124999999986,0.08067187499999999
49200,2.6149031250000005,0.8867656250000004,0.032999999999999995,0.080234375
49300,2.6155640625,0.8865937500000001,0.032265625,0.081140625
49400,2.6159890625000006,0.8873281249999997,0.03217187499999999,0.08050000000000002
49500,2.6181578124999985,0.8892187499999998,0.031140624999999988,0.07964062499999999
49600,2.6170781250000004,0.8886874999999997,0.03160937499999998,0.07970312499999999
49700,2.6153890625000003,0.8877656249999999,0.03265624999999999,0.079578125
49800,2.6142890625000006,0.8865156249999999,0.033062499999999995,0.08042187499999998
49900,2.6129000000000002,0.8854218749999998,0.03404687499999999,0.08053124999999998
50000,2.6117390625000008,0.8847187499999999,0.03456249999999998,0.08071874999999998
50100,2.610259375,0.88396875,0.035156249999999986,0.080875
50200,2.60945,0.88328125,0.03592187499999997,0.08079687500000002
50300,2.60823125,0.8831093749999999,0.03606249999999998,0.08082812500000001
50400,2.6074125000000006,0.881390625,0.036156249999999994,0.082453125
50500,2.6075890625,0.8814531249999997,0.036031249999999994,0.08251562500000002
50600,2.6087921874999997,0.8826406249999997,0.03539062499999999,0.08196874999999998
50700,2.6104671875000003,0.8845781249999997,0.0349375,0.080484375
50800,2.6124703125,0.886328125,0.0343125,0.07935937500000004
50900,2.6124124999999996,0.88634375,0.033796875,0.07985937500000002
51000,2.6147968750000006,0.8874687500000003,0.03189062499999999,0.080640625
51100,2.6185015624999997,0.88925,0.02953125,0.08121875
51200,2.6198921875000005,0.891328125,0.02914062499999999,0.07953125
51300,2.6227203125000003,0.8934687499999998,0.027609374999999988,0.07892187499999996
51400,2.622415625,0.8940468749999998,0.029156249999999988,0.07679687500000001
51500,2.621267187500001,0.8927187500000003,0.029484374999999983,0.07779687500000003
51600,2.6190218750000014,0.8909062499999998,0.030437499999999996,0.07865625000000001
51700,2.6163078124999997,0.8887656250000001,0.03253124999999999,0.078703125
51800,2.611271875000001,0.886390625,0.03520312499999999,0.07840625000000001
51900,2.6079875,0.8842187499999997,0.03646874999999999,0.07931249999999997
52000,2.6062265625,0.8837500000000004,0.03790624999999999,0.07834375
52100,2.604851562500001,0.8822968749999999,0.03773437499999998,0.07996875
52200,2.6052812500000004,0.882125,0.03728124999999999,0.08059375
52300,2.6062078124999997,0.8820468749999996,0.03665624999999999,0.081296875
52400,2.6056671875,0.8816093750000001,0.036859374999999986,0.08153125
52500,2.6059859375,0.882859375,0.03765624999999998,0.07948437499999998
