step,mean_aspect_ratio,fraction_elongated,fraction_round,fraction_binary
100,1.0,0.0,1.0,0.0
200,1.0258093750000001,0.0008750000000000003,0.9209218749999997,0.078203125
300,1.0172484375,0.0008593750000000003,0.9412343750000005,0.05790625000000001
400,1.0134578124999998,0.0006406250000000002,0.9483593750000003,0.05099999999999998
500,1.0111984375,0.0006093750000000001,0.9526250000000003,0.046765625
600,1.0106078125000002,0.0005312500000000001,0.9540937500000003,0.045375000000000006
700,1.0099578125000002,0.000359375,0.9557500000000003,0.043890624999999996
800,1.0091921875,0.000234375,0.9568437500000002,0.04292187499999999
900,1.009034375,0.00020312500000000002,0.9567343750000001,0.0430625
1000,1.0089828124999998,0.00021875000000000003,0.9573281250000001,0.042453124999999994
1100,1.0084218749999996,0.00017187500000000002,0.9585468750000002,0.04128125
1200,1.0085859374999995,0.00017187500000000002,0.9589062500000003,0.040921874999999996
1300,1.0083890624999998,0.000203125,0.9581562500000005,0.041640625
1400,1.0086328125000004,0.0001875,0.9579375000000003,0.04187499999999999
1500,1.0088156250000002,0.00020312500000000002,0.9580937500000001,0.04170312499999998
1600,1.0087,0.0001875,0.9585156250000003,0.041296875
1700,1.0083109375000003,0.000171875,0.9587031250000001,0.041124999999999995
1800,1.008496875,0.000109375,0.9582343750000002,0.041656249999999985
1900,1.0085234374999998,0.000109375,0.958078125,0.04181249999999999
2000,1.008334375,9.375e-05,0.9588124999999998,0.04109374999999999
2100,1.0083015625000002,0.000125,0.9592500000000003,0.04062499999999999
2200,1.00819375,0.00014062500000000002,0.9588281250000004,0.04103124999999998
2300,1.0081859374999997,0.000125,0.9591093750000005,0.04076562500000001
2400,1.0083765624999999,0.000125,0.9589531250000003,0.040921874999999996
2500,1.0080328125000002,6.25e-05,0.960421875,0.03951562499999999
2600,1.008009375,7.8125e-05,0.9592500000000005,0.04067187499999998
2700,1.00775625,6.25e-05,0.9609843750000004,0.03895312499999998
2800,1.0077265624999998,6.25e-05,0.9606875000000002,0.03925
2900,1.0079031250000001,6.25e-05,0.9605468749999999,0.039390625000000005
3000,1.0080500000000001,7.8125e-05,0.9598125,0.040109374999999975
3100,1.008453125,7.8125e-05,0.9589687500000001,0.04095312500000001
3200,1.0079078124999998,7.8125e-05,0.9610156249999999,0.03890624999999999
3300,1.0081875000000002,7.8125e-05,0.9611250000000002,0.038796874999999995
3400,1.007878125,7.8125e-05,0.9611718750000001,0.03874999999999999
3500,1.0077500000000001,4.6875e-05,0.9612500000000002,0.038703125000000005
3600,1.0079484374999996,6.25e-05,0.9615156250000002,0.038421875
3700,1.0079265625,4.6875e-05,0.9604687499999998,0.039484375
3800,1.008303125,3.125e-05,0.9601718749999998,0.03979687499999998
3900,1.0082390625,4.6875e-05,0.9610781250000004,0.03887500000000001
4000,1.0080687500000003,7.8125e-05,0.961453125,0.038468749999999996
4100,1.0082390625,0.000109375,0.9612187500000002,0.03867187499999999
4200,1.0083437499999997,0.000125,0.9609062500000001,0.03896874999999999
4300,1.0083609375,0.000125,0.9611249999999999,0.03874999999999999
4400,1.0084812499999998,0.000125,0.9595468749999999,0.040328125
4500,1.0084640624999996,0.00017187500000000004,0.9603593750000005,0.03946875
4600,1.0085203125,0.00015625000000000003,0.9602656250000003,0.039578125000000006
4700,1.0084734375,0.00023437500000000005,0.9610156250000003,0.03875
4800,1.0083828125,0.00023437500000000002,0.9607812500000003,0.038984375
4900,1.0085843749999999,0.00021874999999999998,0.9610781250000003,0.038703125
5000,1.0083625,0.00025,0.9607187500000001,0.039031249999999997
5100,1.0083156250000003,0.000265625,0.9621718750000003,0.037562499999999985
5200,1.0084765625,0.00028125,0.9616718750000001,0.03804687500000001
5300,1.0082859375,0.0001875,0.9618437500000002,0.037968749999999996
5400,1.0083265625,0.00020312500000000002,0.9618281250000004,0.03796874999999999
5500,1.0082375,0.000203125,0.9617500000000003,0.038046874999999994
5600,1.0081968749999999,0.000125,0.961421875,0.038453124999999984
5700,1.0081921875000004,0.00014062500000000002,0.9625781250000003,0.037281249999999995
5800,1.0082968750000003,0.000125,0.9614062500000001,0.03846874999999999
5900,1.008690625,0.00020312500000000002,0.9608437500000002,0.038953125
6000,1.0078999999999996,0.0001875,0.9640000000000004,0.03581249999999999
6100,1.0078796875,0.00015625,0.9632187500000005,0.036625
6200,1.0085421874999998,0.00021875,0.9614218750000003,0.03835937499999999
6300,1.0079421874999999,0.000265625,0.9637343749999999,0.036000000000000004
6400,1.0079109374999997,0.00028125,0.9630468750000001,0.036671874999999986
6500,1.008303125,0.0003125,0.9629531250000001,0.03673437500000001
6600,1.0081765624999999,0.000265625,0.9621093749999997,0.037625000000000006
6700,1.008303125,0.00028125000000000003,0.9620468750000002,0.037671874999999994
6800,1.0082671874999996,0.0003125,0.963125,0.03656249999999999
6900,1.0082999999999998,0.000171875,0.9624218750000003,0.037406249999999995
7000,1.0081296875,0.00014062500000000002,0.9633906250000002,0.036468749999999994
7100,1.0080562499999997,0.00015625,0.9629218750000001,0.036921875
7200,1.008015625,0.0001875,0.9639218750000002,0.03589062499999999
7300,1.0075703124999997,0.000234375,0.9643906250000002,0.035375
7400,1.0082796875,0.00021875,0.9629218750000003,0.03685937499999999
7500,1.0079718749999997,0.000171875,0.9644375,0.035390625000000016
7600,1.0078156249999999,0.0001875,0.9650937500000004,0.03471874999999999
7700,1.0081437500000001,0.000234375,0.9630156250000002,0.036750000000000005
7800,1.0079749999999996,0.00021874999999999998,0.963875,0.03590624999999999
7900,1.0077171875,0.00021874999999999998,0.9645937500000001,0.0351875
8000,1.0077828125000003,0.00015625,0.9638437500000003,0.03599999999999999
8100,1.00796875,0.0001875,0.9638906250000001,0.035921875000000006
8200,1.0081265624999998,0.000171875,0.963859375,0.03596874999999999
8300,1.0081265625,0.000203125,0.9635781250000002,0.03621874999999999
8400,1.0076999999999998,0.000125,0.9647187500000001,0.03515624999999999
8500,1.0077312499999997,0.00021874999999999998,0.9649687500000003,0.034812499999999996
8600,1.0079640625000004,0.000234375,0.9647187500000003,0.035046875000000005
8700,1.0079171875,0.00015625,0.9637031249999998,0.03614062499999999
8800,1.0075484375000003,0.00015625,0.9654218750000002,0.03442187499999999
8900,1.007365625,0.000125,0.9657968750000001,0.034078124999999994
9000,1.0075781249999995,0.000109375,0.9650781250000001,0.034812499999999996
9100,1.0073015624999997,9.375e-05,0.9657031250000003,0.03420312499999999
9200,1.0074125,0.000109375,0.9647656250000001,0.03512499999999998
9300,1.0074984375,0.00014062500000000002,0.9652187500000003,0.03464062499999998
9400,1.0073296875,7.8125e-05,0.9660156250000004,0.033906249999999985
9500,1.0072859375,6.25e-05,0.9651406250000002,0.034796874999999984
9600,1.0072953125,0.00014062500000000002,0.9650781250000003,0.03478124999999999
9700,1.0075296875,0.000125,0.9649843750000002,0.034890625
9800,1.0072578124999998,0.000125,0.9661562499999999,0.03371874999999999
9900,1.0074750000000001,0.000109375,0.9658593750000004,0.03403125
10000,1.0077484375,0.00014062500000000002,0.964140625,0.03571874999999999
10100,1.0074109375,0.00014062500000000002,0.9653437499999997,0.03451562499999998
10200,1.0074421875000001,0.00014062500000000002,0.9649375000000003,0.034921875
10300,1.0075281249999999,0.000125,0.965078125,0.034796874999999984
10400,1.0076328125000003,0.000171875,0.9650156250000002,0.03481249999999999
10500,1.0079640625000004,0.00021875,0.9648906250000002,0.034890625
10600,1.0080453125,0.00020312500000000002,0.964703125,0.03509374999999999
10700,1.0081515625,0.00025,0.9651406250000003,0.03460937499999999
10800,1.0083671875,0.0003125,0.9636406249999999,0.03604687499999999
10900,1.008675,0.00046875,0.9648124999999997,0.034718749999999986
11000,1.00886875,0.0006093750000000001,0.9644531249999999,0.0349375
11100,1.008696875,0.000625,0.9651406249999999,0.034234375000000004
11200,1.0088343750000002,0.000625,0.9646406250000005,0.03473437499999998
11300,1.0090859375,0.000859375,0.9644687500000003,0.03467187499999999
11400,1.0092828125000002,0.00096875,0.9639843750000003,0.03504687499999998
11500,1.0093328124999996,0.00090625,0.9641874999999998,0.03490624999999999
11600,1.0093109375,0.00096875,0.9654375000000001,0.03359374999999999
11700,1.0094421875000001,0.001046875,0.9652343750000003,0.03371874999999999
11800,1.0095171875000002,0.00128125,0.9661406249999999,0.03257812499999999
11900,1.0099296875000001,0.00125,0.9655312500000002,0.033218750000000005
12000,1.0099328125,0.00103125,0.9645625000000003,0.03440624999999999
12100,1.0098874999999998,0.0009375,0.964390625,0.034671875
12200,1.0098343749999998,0.001,0.9647031250000004,0.034296875000000004
12300,1.0098187500000002,0.001015625,0.9646093750000004,0.034375
12400,1.0098249999999998,0.0010625,0.9641093749999998,0.03482812499999999
12500,1.0097531249999998,0.0012031250000000002,0.96496875,0.033828125
12600,1.0099796874999998,0.001078125,0.9649531249999999,0.03396875
12700,1.00999375,0.00109375,0.96559375,0.0333125
12800,1.0100921875,0.001046875,0.9648125000000001,0.03414062499999999
12900,1.0102015625,0.001078125,0.965515625,0.03340624999999999
13000,1.0098078124999998,0.00096875,0.965359375,0.03367187499999999
13100,1.009540625,0.0008749999999999999,0.9649843750000003,0.034140624999999994
13200,1.0090375000000003,0.000671875,0.9655781250000004,0.03375
13300,1.0087312500000005,0.00071875,0.9673593750000005,0.031921875
13400,1.0087968750000003,0.00078125,0.9667187500000004,0.0325
13500,1.0085234375000005,0.000703125,0.967,0.032296874999999996
13600,1.00843125,0.0006562499999999999,0.9673125000000004,0.03203124999999999
13700,1.0087015625,0.0006093749999999999,0.965703125,0.033687499999999995
13800,1.0084671875000002,0.0006406249999999999,0.9673125000000001,0.03204687499999999
13900,1.0087781250000003,0.0006718750000000001,0.9664062500000002,0.03292187499999999
14000,1.0087734375,0.00078125,0.9665781249999998,0.03264062499999999
14100,1.0087078125000002,0.00075,0.9671250000000002,0.032125
14200,1.0088562500000005,0.000890625,0.96740625,0.03170312499999999
14300,1.0092109375,0.000984375,0.966640625,0.03237499999999999
14400,1.0095296875,0.0009375,0.9663906250000001,0.032671874999999996
14500,1.00959375,0.001015625,0.9654375,0.033546875
14600,1.0097203125000003,0.001015625,0.965671875,0.033312499999999995
14700,1.01028125,0.0010625,0.9654843750000002,0.03345312499999999
14800,1.0102140625000002,0.001171875,0.9655156249999999,0.033312499999999995
14900,1.0104890625000003,0.0011406250000000001,0.9651250000000001,0.03373437499999998
15000,1.0107906249999998,0.001359375,0.9654062500000001,0.03323437499999999
15100,1.0109453125,0.00146875,0.96509375,0.033437499999999995
15200,1.0112781249999998,0.0015937500000000001,0.9643906250000004,0.034015625
15300,1.0112890625,0.001484375,0.9634531250000001,0.03506249999999999
15400,1.0111593750000003,0.0015625,0.9639843750000003,0.034453124999999994
15500,1.0109718750000003,0.0015625,0.9649218750000002,0.033515624999999986
15600,1.0107796875000001,0.001484375,0.9653750000000003,0.03314062499999999
15700,1.0105624999999998,0.0016250000000000001,0.9649062500000003,0.03346874999999999
15800,1.0113062500000003,0.00165625,0.963890625,0.03445312499999999
15900,1.0117500000000001,0.00190625,0.9625937499999999,0.0355
16000,1.0119843749999997,0.0018593750000000001,0.9634218750000001,0.03471875
16100,1.0121000000000002,0.001953125,0.9641093749999999,0.033937499999999995
16200,1.0125046875,0.002140625,0.9635312500000001,0.034328125
16300,1.0129,0.00225,0.9627812499999999,0.03496874999999999
16400,1.0128921875000003,0.00234375,0.9627031249999997,0.03495312499999999
16500,1.0128421875,0.0021874999999999998,0.962625,0.03518749999999999
16600,1.0123062500000006,0.001890625,0.963484375,0.03462499999999998
16700,1.01223125,0.001953125,0.9631718750000002,0.034874999999999996
16800,1.0124609375000002,0.001890625,0.9623593750000003,0.03574999999999998
16900,1.0122671875000002,0.00184375,0.9637812499999998,0.03437499999999999
17000,1.0123000000000002,0.002015625,0.9634687500000002,0.034515624999999994
17100,1.01245,0.001875,0.9626406250000004,0.03548437499999999
17200,1.0122281249999998,0.001921875,0.964609375,0.03346874999999999
17300,1.0121203124999998,0.00209375,0.96365625,0.03425
17400,1.0125937500000002,0.002171875,0.9641250000000005,0.03370312499999999
17500,1.0119593750000002,0.00203125,0.9648750000000004,0.03309375
17600,1.011840625,0.00215625,0.9654218750000002,0.032421874999999996
17700,1.0120640624999997,0.002125,0.9647187500000001,0.03315624999999999
17800,1.012071875,0.0022187500000000002,0.96475,0.03303125
17900,1.0118218749999999,0.0020625,0.9655,0.032437499999999994
18000,1.0111062499999999,0.00196875,0.9655625000000003,0.03246874999999999
18100,1.0112734375,0.001921875,0.9648125000000002,0.03326562499999999
18200,1.01125625,0.001953125,0.965953125,0.03209374999999999
18300,1.01148125,0.001921875,0.9658750000000002,0.03220312499999999
18400,1.0118015625,0.00203125,0.96590625,0.0320625
18500,1.0118796875,0.0021875,0.9658281250000004,0.031984374999999995
18600,1.0118453125,0.00221875,0.9668125000000004,0.03096875
18700,1.0117609375000003,0.00221875,0.966015625,0.031765625
18800,1.0112687500000002,0.00215625,0.9660312500000001,0.03181249999999999
18900,1.0113765625000002,0.002125,0.9656562499999999,0.032218749999999984
19000,1.0116312500000002,0.002140625,0.9658281249999999,0.03203125
19100,1.0119421875000003,0.00215625,0.9653750000000001,0.03246875
19200,1.01258125,0.00240625,0.9641093749999998,0.033484375
19300,1.0123296875,0.002125,0.9646718750000002,0.03320312499999999
19400,1.0118093750000003,0.0022031250000000002,0.965390625,0.03240624999999999
19500,1.012403125,0.0022343750000000002,0.9641406250000005,0.033625
19600,1.0122953124999998,0.0023750000000000004,0.9643593750000001,0.033265624999999986
19700,1.0121234375,0.0023750000000000004,0.9654531249999997,0.03217187499999999
19800,1.0121093749999999,0.0024375,0.9650312500000002,0.032531250000000005
19900,1.0120437500000001,0.0024843750000000005,0.9656718750000002,0.03184374999999999
20000,1.0116625,0.0023750000000000004,0.9645468750000001,0.033078125
20100,1.01095,0.00203125,0.965875,0.03209375
20200,1.0108078125,0.0020625,0.9654531250000004,0.032484375
20300,1.010453125,0.0018124999999999999,0.9660312500000002,0.03215624999999999
20400,1.0102796875000004,0.0016875,0.965734375,0.03257812499999999
20500,1.0105140624999998,0.001640625,0.9655000000000002,0.03285937499999999
20600,1.0099734375000002,0.001640625,0.966078125,0.03228125
20700,1.00983125,0.0015624999999999999,0.9661875000000002,0.03224999999999999
20800,1.0097734374999996,0.001359375,0.9671093749999999,0.03153124999999999
20900,1.0092656250000003,0.00115625,0.9668750000000003,0.03196875
21000,1.0087546874999995,0.001,0.9663749999999998,0.032624999999999994
21100,1.0086093749999998,0.000828125,0.967171875,0.031999999999999994
21200,1.0085203124999997,0.000765625,0.9672968750000001,0.0319375
21300,1.0084125,0.000640625,0.9669687500000002,0.032390625
21400,1.0078296875,0.000578125,0.9684531250000001,0.030968749999999993
21500,1.0080109375000001,0.0005937500000000001,0.9675781250000001,0.03182812499999999
21600,1.0083328125000002,0.000453125,0.9661562500000002,0.03339062499999999
21700,1.0077343749999998,0.00040625000000000004,0.9672968750000002,0.032296874999999996
21800,1.0072843749999998,0.00023437500000000002,0.967625,0.03214062499999999
21900,1.0076625000000001,0.000296875,0.966625,0.033078124999999986
22000,1.007275,0.00025000000000000006,0.9680468750000001,0.031703125
22100,1.006903125,0.00021875000000000003,0.96890625,0.030874999999999996
22200,1.0070390625,0.00017187500000000004,0.9674531249999999,0.03237500000000001
22300,1.0071999999999999,0.00021875000000000003,0.9677500000000002,0.03203124999999999
22400,1.0070593749999999,0.00034375000000000003,0.9682343750000001,0.03142187499999999
22500,1.0070187500000003,0.00031250000000000006,0.96896875,0.03071875
22600,1.006984375,0.00031250000000000006,0.9690000000000002,0.030687499999999996
22700,1.0071296874999998,0.00021875000000000003,0.9686562500000001,0.031124999999999993
22800,1.0069875000000001,0.00028125000000000003,0.9682343750000002,0.031484375
22900,1.0076156250000001,0.000359375,0.966875,0.03276562499999999
23000,1.0075671875000003,0.00042187500000000005,0.9676562500000004,0.03192187499999999
23100,1.0075421875,0.000421875,0.9687812500000003,0.030796874999999987
23200,1.0079218750000003,0.000515625,0.9678749999999999,0.031609374999999995
23300,1.0080625,0.000546875,0.9671093750000002,0.03234374999999999
23400,1.0082,0.0006718750000000002,0.967921875,0.03140624999999998
23500,1.0081671875,0.0006718750000000001,0.96771875,0.03160937499999999
23600,1.00885,0.0007343750000000001,0.9666718750000002,0.032593749999999984
23700,1.0086609375000002,0.0008281250000000002,0.9676093750000001,0.031562499999999986
23800,1.0086624999999998,0.000828125,0.9674843750000003,0.03168749999999999
23900,1.0091015625000002,0.000859375,0.9673593750000002,0.03178124999999999
24000,1.0088109375,0.0009375000000000001,0.9671093750000002,0.03195312499999999
24100,1.0094468749999999,0.001234375,0.9660312500000007,0.03273437499999998
24200,1.0097375,0.0013593750000000001,0.9665312500000003,0.03210937499999999
24300,1.0099265625,0.001421875,0.966640625,0.031937499999999994
24400,1.0108343749999997,0.001484375,0.9646718750000003,0.033843749999999985
24500,1.0105609375000002,0.001640625,0.9657812499999999,0.032578124999999986
24600,1.0105234375000005,0.0016718750000000002,0.96596875,0.03235937499999999
24700,1.01098125,0.0017656250000000003,0.9654531250000004,0.03278124999999999
24800,1.0111765625,0.0018125,0.9656875,0.032499999999999994
24900,1.0116718749999998,0.00203125,0.964796875,0.03317187499999999
25000,1.0118140624999998,0.0021875,0.964625,0.03318749999999999
25100,1.0120343749999998,0.0022656250000000003,0.9649375000000001,0.032796874999999996
25200,1.0122749999999998,0.0023437500000000003,0.9641250000000005,0.03353124999999999
25300,1.0129281250000002,0.002546875,0.96384375,0.03360937499999999
25400,1.013071875,0.0027187500000000002,0.9634843750000002,0.03379687499999999
25500,1.0134234375,0.002765625,0.9633750000000002,0.03385937499999999
25600,1.0142250000000002,0.0030156250000000005,0.9634375000000003,0.033546875
25700,1.0141140625000002,0.002921875,0.96378125,0.03329687499999999
25800,1.0145906250000003,0.0030781249999999997,0.9629375,0.03398437499999999
25900,1.0147796875,0.0031093749999999997,0.962921875,0.033968749999999985
26000,1.0146796875,0.0030624999999999997,0.96321875,0.03371874999999999
26100,1.0151234375,0.002984375,0.9618125000000002,0.03520312499999999
26200,1.0148421874999998,0.00284375,0.962578125,0.03457812499999999
26300,1.0146875000000002,0.002921875,0.962390625,0.034687499999999996
26400,1.0146703125000003,0.00303125,0.9630468750000003,0.033921875
26500,1.0139515625,0.0028437500000000004,0.962984375,0.034171875000000004
26600,1.0137656249999998,0.002625,0.96334375,0.03403125
26700,1.01315,0.0024375,0.9645937500000001,0.03296874999999999
26800,1.01284375,0.00240625,0.9645937500000001,0.032999999999999995
26900,1.01293125,0.0023437500000000003,0.9646093750000004,0.03304687499999998
27000,1.0128234375,0.0023593750000000004,0.964828125,0.0328125
27100,1.0125203125000004,0.002390625,0.9651562500000002,0.03245312499999999
27200,1.0128921874999999,0.002421875,0.9639843750000002,0.03359374999999999
27300,1.0121624999999999,0.0022500000000000003,0.9643437500000003,0.033406250000000005
27400,1.012340625,0.0023906250000000004,0.9649375000000003,0.03267187499999999
27500,1.0130375,0.0023593750000000004,0.9644531250000001,0.0331875
27600,1.013396875,0.002671875,0.9641718749999999,0.03315624999999999
27700,1.0134609374999999,0.002703125,0.9635624999999999,0.033734375000000004
27800,1.013540625,0.0028906250000000004,0.9648750000000001,0.032234375
27900,1.0142296875000003,0.002859375,0.9628593750000005,0.03428124999999999
28000,1.0150281250000002,0.003046875000000001,0.9626406249999998,0.03431249999999999
28100,1.0152656250000003,0.0032812500000000003,0.9628750000000001,0.03384375
28200,1.0153656250000003,0.0033124999999999995,0.963015625,0.03367187500000001
28300,1.0164703125,0.0035781249999999997,0.9614531250000002,0.034968749999999986
28400,1.0167828125,0.0038125,0.961921875,0.034265624999999994
28500,1.0170156249999995,0.00371875,0.9608437500000004,0.03543749999999998
28600,1.0167703125,0.004,0.9626406249999998,0.03335937499999999
28700,1.0170765625000004,0.004203125,0.9624062499999999,0.03339062499999999
28800,1.0168859375000001,0.00415625,0.96240625,0.0334375
28900,1.0170453125000003,0.004390625,0.96190625,0.033703124999999994
29000,1.0171906249999996,0.004390625,0.962140625,0.03346875
29100,1.0173515625,0.0045312500000000006,0.9615468749999999,0.033921875
29200,1.018459375,0.004640625000000001,0.9609531249999996,0.03440624999999999
29300,1.018359375,0.004640625000000001,0.9607812500000001,0.03457812499999999
29400,1.0185093749999998,0.004765625000000001,0.9612031249999999,0.03403125
29500,1.0182703124999999,0.0045156250000000005,0.9602656250000001,0.03521875
29600,1.0178015625000003,0.004171875,0.9616093750000001,0.03421875
29700,1.0171562500000004,0.004109375,0.961,0.034890625
29800,1.0161890625,0.0037500000000000003,0.962265625,0.033984375
29900,1.016109375,0.0035000000000000005,0.9616718750000003,0.034828125
30000,1.0153796875000003,0.0033281250000000004,0.9622343750000003,0.0344375
30100,1.014865625,0.0032968750000000003,0.9626562500000003,0.034046875
30200,1.014840625,0.0031875,0.9620781250000001,0.03473437499999999
30300,1.0152828125,0.0032812500000000007,0.9624375000000001,0.03428125
30400,1.0151000000000001,0.0034375000000000005,0.9631875000000001,0.033374999999999995
30500,1.0152390625,0.0033125000000000003,0.9622812500000002,0.03440625
30600,1.0154578125,0.0034843750000000005,0.9621562500000006,0.034359375
30700,1.015346875,0.0033437500000000004,0.9620625,0.03459375
30800,1.0156078125,0.0034531250000000005,0.9623281250000002,0.03421874999999999
30900,1.0157578125,0.0036718750000000007,0.9617968750000002,0.03453125
31000,1.0161750000000003,0.0036406249999999998,0.9612968750000004,0.035062499999999996
31100,1.0161031250000006,0.0036093750000000006,0.9626406250000004,0.033749999999999995
31200,1.0157999999999996,0.0034843750000000005,0.9623125000000001,0.03420312499999999
31300,1.0153703125,0.0034375,0.9623906249999999,0.034171875
31400,1.0146296875,0.003375,0.9633437500000002,0.03328124999999999
31500,1.0147218750000004,0.00325,0.9627812500000005,0.03396874999999999
31600,1.0145796875000002,0.0033125000000000003,0.9625000000000001,0.03418749999999998
31700,1.0148890625,0.003453125,0.962546875,0.034
31800,1.0149375,0.003390625,0.9630312500000003,0.033578125
31900,1.0149328125000001,0.003515625,0.9633437499999998,0.033140625
32000,1.0160109374999997,0.003765625,0.9617500000000003,0.034484374999999984
32100,1.01625,0.003421875,0.961421875,0.03515624999999999
32200,1.016365625,0.003359375,0.9601875000000005,0.036453124999999996
32300,1.0166703124999998,0.00353125,0.9603125000000005,0.03615625000000001
32400,1.0164328125,0.003390625,0.9598750000000004,0.036734375
32500,1.0166734375,0.003421875,0.9584218750000004,0.038156249999999996
32600,1.0162937500000002,0.003375,0.9595312500000004,0.03709374999999999
32700,1.0160468749999998,0.003390625,0.9615468749999999,0.035062499999999996
32800,1.0160406250000003,0.0032812500000000003,0.9615781249999997,0.03514062499999999
32900,1.0161937499999998,0.0035468750000000005,0.9618437500000002,0.03460937499999999
33000,1.01625,0.0035,0.9598750000000001,0.036624999999999984
33100,1.0157625000000001,0.00346875,0.9602500000000003,0.036281249999999994
33200,1.0157609375,0.003484375,0.9606718750000001,0.03584375000000001
33300,1.0160750000000003,0.0033125,0.9609687499999999,0.035718749999999994
33400,1.0153281249999997,0.00328125,0.9620156250000003,0.034703124999999994
33500,1.0153625000000002,0.003234375,0.9620000000000004,0.034765624999999994
33600,1.0147500000000003,0.003046875,0.9613281250000001,0.035625
33700,1.0143515625000004,0.003015625,0.9631562500000003,0.033828124999999994
33800,1.0145515625,0.003109375,0.9630000000000002,0.033890624999999994
33900,1.0140125,0.00296875,0.964140625,0.032890625
34000,1.0142124999999997,0.0030000000000000005,0.9634531249999999,0.03354687499999999
34100,1.0145156250000003,0.0031562500000000006,0.9639687500000003,0.032874999999999995
34200,1.014146875,0.0031093750000000006,0.9635781250000003,0.03331249999999999
34300,1.01435,0.0031093750000000006,0.9635312500000003,0.03335937499999999
34400,1.0144109375000006,0.0030781250000000006,0.9633437500000002,0.03357812499999999
34500,1.0145734375000004,0.00315625,0.9631093749999999,0.03373437499999999
34600,1.014571875,0.002984375,0.9624375000000004,0.034578124999999994
34700,1.0139015625000003,0.003078125,0.9633593749999999,0.033562499999999995
34800,1.0132546875,0.003015625,0.964140625,0.03284375
34900,1.0136437500000002,0.0030625,0.964046875,0.032890624999999986
35000,1.0145031249999996,0.0033906250000000004,0.9632656249999999,0.03334375
35100,1.0147062500000004,0.0035000000000000005,0.9632343750000001,0.033265625
35200,1.0157828125,0.0035937500000000006,0.9621250000000001,0.03428125
35300,1.0157578125000002,0.0035937500000000006,0.9614375000000001,0.03496874999999999
35400,1.01635625,0.00384375,0.9623281250000002,0.033828124999999994
35500,1.0167312499999999,0.0036875,0.9616718750000002,0.03464062499999998
35600,1.0165390625000001,0.003859375,0.9614843750000002,0.03465625
35700,1.0171703125,0.004328125,0.9600937500000001,0.035578125
35800,1.0175531249999998,0.004390625,0.9614531250000005,0.03415624999999999
35900,1.0183328125000004,0.0043125,0.9599999999999996,0.0356875
36000,1.0187062500000001,0.0043593749999999995,0.959296875,0.036343749999999994
36100,1.0193812500000001,0.0043593749999999995,0.9587500000000005,0.03689062499999999
36200,1.02010625,0.004828125,0.9584375000000003,0.03673437499999999
36300,1.0197140624999999,0.004890625,0.9594687500000002,0.035640625
36400,1.0196578125000002,0.0050625,0.9591093750000003,0.03582812499999999
36500,1.0199687500000003,0.005296875,0.9588593750000002,0.035843750000000014
36600,1.0199718750000002,0.00503125,0.9587968750000002,0.03617187499999999
36700,1.0198953125000003,0.0050625,0.9581562500000004,0.03678125
36800,1.01825,0.00459375,0.95984375,0.03556249999999999
36900,1.0173859375000003,0.004078125,0.9596875000000002,0.036234375
37000,1.0169093750000002,0.00378125,0.9599999999999999,0.03621875
37100,1.015834375,0.0032812499999999994,0.9610000000000001,0.03571875
37200,1.0153671875,0.00309375,0.9613750000000004,0.035531249999999986
37300,1.0151328125,0.003078125,0.9616875000000003,0.035234375
37400,1.0146625,0.00315625,0.9616093750000001,0.03523437499999999
37500,1.0142281249999996,0.003046875,0.9623125000000002,0.03464062499999999
37600,1.0139062499999998,0.002921875,0.9621093750000002,0.034968749999999986
37700,1.0142281250000003,0.003140625,0.962546875,0.0343125
37800,1.0141328125000004,0.00290625,0.9625312500000001,0.03456249999999999
37900,1.0146812500000002,0.002875,0.9615312500000004,0.035593749999999987
38000,1.01426875,0.0027031250000000002,0.9614687499999999,0.035828125
38100,1.013253125,0.0024687500000000005,0.9633906250000004,0.03414062499999999
38200,1.0128125,0.002234375,0.9635625000000001,0.03420312499999999
38300,1.0125828125,0.002203125,0.9637968750000001,0.034
38400,1.0124734375000002,0.0023281250000000003,0.96384375,0.03382812499999999
38500,1.0129546875000002,0.0025156250000000005,0.9642968750000003,0.03318749999999999
38600,1.0132968750000002,0.0023906250000000004,0.9632031250000004,0.03440624999999999
38700,1.0126921875000001,0.002515625,0.9637031250000003,0.033781249999999985
38800,1.0130015624999995,0.002609375,0.9638125,0.033578124999999986
38900,1.0129609375,0.002390625,0.9635000000000004,0.03410937499999998
39000,1.0131921875,0.002515625,0.9631250000000006,0.034359375000000004
39100,1.0134062500000003,0.00259375,0.9615468750000001,0.03585937499999999
39200,1.0131484374999997,0.002546875,0.9622187500000003,0.03523437499999998
39300,1.0131984375000003,0.002609375,0.9627812499999996,0.03460937499999999
39400,1.0130546875,0.002484375,0.9627968750000001,0.03471875000000001
39500,1.0133828125000002,0.0025,0.9628593750000001,0.03464062499999999
39600,1.01250625,0.0022343750000000002,0.9643437500000002,0.03342187499999999
39700,1.0121359375,0.001984375,0.9648593749999999,0.03315625
39800,1.0118984374999997,0.0018124999999999999,0.9630937499999999,0.03509374999999999
39900,1.0112921875000003,0.0016250000000000001,0.9646562500000001,0.03371874999999999
40000,1.0117156250000001,0.0016250000000000001,0.9632968750000003,0.035078124999999995
40100,1.012128125,0.001765625,0.9638749999999998,0.03435937499999999
40200,1.011840625,0.0018281250000000003,0.9640781250000002,0.03409375
40300,1.0118749999999999,0.001796875,0.96478125,0.03342187499999999
40400,1.0114562500000004,0.0016718750000000002,0.9642812500000002,0.03404687499999999
40500,1.0115234375,0.0018906250000000002,0.964390625,0.033718749999999985
40600,1.0116515625,0.00196875,0.9645625,0.03346874999999999
40700,1.0120875,0.00221875,0.9641250000000003,0.03365625
40800,1.0123515625,0.002296875,0.96409375,0.03360937499999998
40900,1.0127781250000003,0.002390625,0.9640937500000001,0.033515624999999986
41000,1.0131171875000002,0.0027031250000000002,0.9637187500000002,0.03357812499999999
41100,1.0133171875000002,0.00303125,0.9645468750000004,0.03242187499999998
41200,1.0135140625000003,0.0032343750000000003,0.9654843750000003,0.03128124999999999
41300,1.0140468750000002,0.0034375000000000005,0.9645000000000001,0.032062499999999994
41400,1.0135328125000003,0.00309375,0.9653124999999997,0.03159375
41500,1.013921875,0.0032187500000000003,0.9626406249999997,0.034140624999999994
41600,1.0131500000000004,0.00309375,0.9639375000000002,0.032968750000000005
41700,1.0137734375000003,0.003140625,0.9633437500000002,0.03351562499999999
41800,1.013728125,0.003078125,0.963296875,0.03362499999999999
41900,1.0135906250000002,0.003015625,0.9639531250000003,0.033031249999999984
42000,1.0134687499999997,0.003046875,0.9641875000000003,0.03276562499999999
42100,1.0132921875,0.002984375,0.9648125000000001,0.03220312499999999
42200,1.0135843750000002,0.0032500000000000003,0.9646250000000003,0.032124999999999994
42300,1.0139953125,0.0033750000000000004,0.963859375,0.032765624999999986
42400,1.0144,0.0033125000000000003,0.9626562500000003,0.03403124999999999
42500,1.014871875,0.0035781249999999997,0.9634843750000001,0.03293749999999999
42600,1.0144531250000002,0.0034843750000000005,0.9640156250000002,0.0325
42700,1.0141062500000004,0.003453125,0.96540625,0.03114062499999999
42800,1.0143015624999998,0.0032656250000000003,0.9645781250000001,0.03215624999999999
42900,1.0148953125000002,0.00365625,0.9643593750000001,0.03198437500000001
43000,1.0156625000000001,0.003921875,0.9630781250000002,0.032999999999999995
43100,1.0168375000000003,0.003953125,0.9613593750000002,0.034687499999999996
43200,1.0172546875000001,0.004125,0.9603906250000002,0.035484375
43300,1.0173859375,0.004125,0.9612343750000003,0.03464062499999998
43400,1.0177140624999996,0.00421875,0.9615781250000004,0.034203124999999994
43500,1.0175218750000004,0.004171875,0.9614218750000003,0.034406249999999985
43600,1.0173734375,0.00396875,0.9602656250000001,0.03576562499999999
43700,1.0175734374999998,0.003890625,0.9608124999999998,0.035296874999999985
43800,1.0169343750000002,0.003703125,0.962859375,0.033437499999999995
43900,1.0171000000000003,0.003671875,0.9609062500000003,0.035421875
44000,1.0162031250000003,0.0033906250000000004,0.9626406250000001,0.03396874999999998
44100,1.0156171875000004,0.0033437500000000004,0.963171875,0.033484375
44200,1.0157750000000003,0.003578125,0.961515625,0.034906249999999986
44300,1.014903125,0.0033281250000000004,0.9637187500000001,0.03295312499999999
44400,1.014371875,0.0033281250000000004,0.9637656250000002,0.032906249999999984
44500,1.01465625,0.0033281250000000004,0.9633750000000001,0.03329687499999999
44600,1.0144343750000002,0.003078125,0.9641875000000002,0.032734374999999996
44700,1.014228125,0.003140625,0.9634843750000002,0.033375
44800,1.0143109375000001,0.0032031250000000002,0.9633437500000002,0.03345312499999999
44900,1.014346875,0.003046875,0.9637500000000001,0.033203125
45000,1.0145765625,0.0030781249999999997,0.9636093750000001,0.033312499999999995
45100,1.01466875,0.003375,0.9638750000000001,0.032749999999999994
45200,1.0152750000000001,0.003484375,0.9636562499999999,0.03285937499999999
45300,1.0157656249999998,0.003640625,0.9630625000000002,0.033296875000000004
45400,1.0158640625,0.003953125,0.9630312500000001,0.03301562500000001
45500,1.0168062500000001,0.0040625,0.9618125000000003,0.03412499999999999
45600,1.0164671875,0.004046875,0.9623593750000002,0.033593750000000006
45700,1.0168843750000003,0.004359375,0.96178125,0.03385937499999999
45800,1.0174859375000003,0.004375,0.9614062500000004,0.034218749999999985
45900,1.0176265625,0.0044218750000000005,0.96109375,0.03448437499999999
46000,1.0177750000000003,0.0044375000000000005,0.9618281250000003,0.033734375
46100,1.0176578125,0.0045000000000000005,0.9616250000000005,0.033874999999999995
46200,1.0181359374999999,0.004843750000000001,0.9612343750000005,0.033921875
46300,1.0181546875000003,0.004796875000000001,0.9616250000000002,0.03357812499999999
46400,1.0172546875,0.005031250000000001,0.9633281250000001,0.031640624999999985
46500,1.0176437499999997,0.004890625000000001,0.9625625000000003,0.032546874999999996
46600,1.0165656250000001,0.004375,0.9634375,0.03218749999999999
46700,1.0155390625000003,0.0038437499999999995,0.9639843750000003,0.03217187499999999
46800,1.015846875,0.0036406249999999998,0.9618125000000004,0.034546875
46900,1.0148984375000003,0.0034218750000000004,0.9641406250000001,0.032437499999999994
47000,1.014321875,0.0032656250000000003,0.9642343749999998,0.03249999999999999
47100,1.014,0.0030781250000000006,0.9640000000000003,0.03292187499999999
47200,1.0140640624999997,0.0030156250000000005,0.9642656249999999,0.03271874999999999
47300,1.0138015625000003,0.002953125,0.9642656250000006,0.03278124999999999
47400,1.013409375,0.0027812500000000003,0.9653906250000001,0.03182812499999999
47500,1.0139296875000003,0.00265625,0.9639843750000001,0.03335937499999999
47600,1.0140234375000001,0.0027656250000000003,0.9640468750000002,0.033187499999999995
47700,1.014834375,0.002984375,0.9629375000000003,0.03407812499999999
47800,1.0144031250000003,0.003,0.964546875,0.032453125000000006
47900,1.0140781250000002,0.0028750000000000004,0.9638125000000003,0.0333125
48000,1.0141593750000004,0.002984375,0.9646562500000001,0.03235937499999999
48100,1.0136390625000002,0.002921875,0.9637500000000001,0.033328124999999986
48200,1.0134390625000003,0.0027968750000000007,0.9657812499999998,0.03142187499999999
48300,1.0130546875000004,0.0024062500000000004,0.9654531250000005,0.03214062499999999
48400,1.0126843749999999,0.00265625,0.9649062499999999,0.032437499999999994
48500,1.012653125,0.0025312500000000005,0.9659843750000003,0.03148437499999999
48600,1.0126000000000002,0.002484375,0.9657812500000003,0.031734375
48700,1.0124812500000002,0.00253125,0.9659218749999999,0.03154687499999999
48800,1.0127531250000001,0.002625,0.96525,0.032125
48900,1.0130671875,0.0027031250000000002,0.9644062500000004,0.03289062499999999
49000,1.012509375,0.0026406250000000006,0.9660468750000002,0.03131249999999999
49100,1.0123140625,0.0025468750000000005,0.9659531250000002,0.03149999999999999
49200,1.012340625,0.0026250000000000006,0.9654062499999998,0.03196874999999998
49300,1.0128718750000003,0.0027343750000000003,0.9660000000000002,0.03126562499999999
49400,1.0133375000000002,0.0027812500000000003,0.9645781250000001,0.03264062499999998
49500,1.0130671874999997,0.0027500000000000003,0.9649218750000002,0.03232812499999999
49600,1.0127078125000002,0.002515625,0.9649218750000002,0.03256249999999999
49700,1.0129390625000005,0.002609375,0.9655625000000001,0.03182812499999999
49800,1.0132859374999998,0.0027500000000000003,0.9655468750000004,0.03170312499999999
49900,1.0134281250000001,0.002843750000000001,0.9658593750000001,0.031296874999999995
50000,1.0135656250000002,0.002890625000000001,0.9649687499999999,0.032140625
50100,1.0133531250000003,0.0027187500000000007,0.96575,0.03153125
50200,1.0131562499999998,0.0025937500000000006,0.9648750000000004,0.03253124999999999
50300,1.0126406250000004,0.002453125,0.9667656250000001,0.030781249999999993
50400,1.0124078125,0.002359375,0.9657812500000001,0.03185937499999999
50500,1.0126578125000003,0.00240625,0.9664531250000004,0.031140624999999998
50600,1.0127625000000002,0.0023750000000000004,0.965078125,0.032546875
50700,1.01255,0.0022500000000000003,0.9656718749999998,0.032078125
50800,1.0122718750000002,0.0020625,0.9646718750000002,0.03326562499999998
50900,1.0124265625000002,0.002125,0.9657031250000003,0.032171874999999996
51000,1.01296875,0.0024375,0.9644843749999998,0.03307812499999999
51100,1.01333125,0.002546875,0.9648593750000005,0.03259375
51200,1.014575,0.00296875,0.9631875000000004,0.033843749999999985
51300,1.0145234375,0.0030625,0.9629375000000003,0.03399999999999999
51400,1.014653125,0.0031875000000000002,0.9620937500000003,0.034718749999999986
51500,1.0150546875,0.003484375,0.9632031250000004,0.033312499999999995
51600,1.0153500000000002,0.0038125000000000004,0.9620625000000003,0.034125
51700,1.0159843750000002,0.00403125,0.9622031249999998,0.033765624999999994
51800,1.0165703124999999,0.004140625,0.9623124999999999,0.03354687499999999
51900,1.0168921875000003,0.004203125,0.96178125,0.034015624999999994
52000,1.0176531249999996,0.004609375000000001,0.9611406250000002,0.03425
52100,1.0179406250000003,0.004859375000000001,0.9615156250000001,0.03362499999999999
52200,1.018365625,0.004812500000000001,0.9608437499999999,0.03434374999999999
52300,1.018353125,0.0048125,0.9610937500000002,0.03409374999999999
52400,1.01750625,0.0044218750000000005,0.9621875000000001,0.033390624999999986
52500,1.0166890625000002,0.004328125,0.9635781250000001,0.03209374999999999
52600,1.0160390625,0.003984375,0.9630625000000006,0.032953124999999986
52700,1.0158109375,0.00390625,0.9638906249999999,0.03220312499999999
52800,1.0156687500000001,0.00390625,0.9632343749999999,0.03285937499999998
52900,1.0151656250000003,0.0037343750000000003,0.9644531250000001,0.03181249999999999
53000,1.01465,0.003453125,0.9647187499999998,0.031828125
53100,1.0144140625000002,0.0032500000000000003,0.963921875,0.03282812499999999
53200,1.01375,0.002875,0.9644375000000002,0.0326875
53300,1.0132203125,0.00253125,0.9649687500000003,0.032499999999999994
53400,1.0123812499999998,0.002390625,0.9652968749999997,0.032312499999999994
53500,1.011534375,0.002109375,0.9663750000000003,0.03151562499999999
53600,1.0114609375,0.0018593750000000001,0.9660625000000002,0.03207812499999999
53700,1.0110484375000002,0.0018125,0.9668125000000002,0.03137500000000001
53800,1.0107281249999998,0.001703125,0.966765625,0.03153124999999998
53900,1.0101562499999999,0.001421875,0.9667812500000001,0.03179687499999999
54000,1.0097375,0.0012968750000000003,0.966828125,0.03187499999999999
54100,1.0094156250000001,0.0012343750000000002,0.966875,0.03189062499999999
54200,1.0092468749999999,0.0012031250000000002,0.9669375,0.031859374999999995
54300,1.0090046875,0.001046875,0.9675937500000003,0.031359375
54400,1.0087078125,0.00103125,0.9682343750000002,0.030734375000000005
54500,1.00869375,0.000984375,0.9678906250000003,0.031124999999999996
54600,1.0082515625000004,0.0008593750000000001,0.968671875,0.030468749999999985
54700,1.0083453125,0.00084375,0.9681875,0.030968749999999993
54800,1.0086078125000002,0.00090625,0.9683593750000006,0.030734374999999998
54900,1.0085062500000002,0.00103125,0.9681406250000001,0.03082812499999999
55000,1.0086406250000002,0.00096875,0.96721875,0.03181249999999999
55100,1.008675,0.001,0.968375,0.030624999999999996
