step,mean_aspect_ratio,fraction_elongated,fraction_round,fraction_binary
100,1.0,0.0,1.0,0.0
200,1.0305843749999997,0.0012968750000000003,0.90640625,0.09229687499999999
300,1.0211,0.0013437500000000005,0.9288906250000001,0.06976562500000001
400,1.0169968749999998,0.0010781250000000003,0.9371093750000002,0.061812500000000006
500,1.0152234374999998,0.0010625000000000003,0.9401250000000001,0.05881250000000001
600,1.0151140625,0.0008906250000000002,0.9403750000000002,0.058734375000000005
700,1.0142531249999998,0.0008593750000000001,0.9412656250000002,0.05787499999999999
800,1.0135781249999998,0.0009218750000000002,0.9435156250000002,0.05556249999999999
900,1.0131406250000001,0.0009062500000000002,0.943546875,0.05554687499999999
1000,1.0130656250000003,0.0008281250000000001,0.9440781250000003,0.05509374999999999
1100,1.0132218750000002,0.0009218750000000001,0.9434843750000005,0.05559375
1200,1.0135015625000001,0.0009375,0.9440000000000003,0.0550625
1300,1.0136890625,0.0009531250000000001,0.9436875,0.05535937499999999
1400,1.0131187500000003,0.0008906250000000001,0.9451718750000002,0.053937500000000006
1500,1.0128218750000004,0.00090625,0.9455625,0.05353125000000001
1600,1.0132656249999998,0.0009062499999999999,0.9439843750000002,0.055109375
1700,1.0134328124999998,0.00103125,0.9435781250000003,0.055390625
1800,1.0140937499999998,0.001171875,0.9441875000000002,0.054640625
1900,1.0142843750000003,0.0014375,0.9437968749999999,0.05476562500000001
2000,1.014190625,0.0014375,0.944765625,0.05379687500000001
2100,1.0143125000000002,0.001421875,0.9435781250000002,0.05499999999999999
2200,1.0151812500000004,0.0016093750000000001,0.9430312500000003,0.05535937499999998
2300,1.01531875,0.0016875000000000002,0.94325,0.05506250000000002
2400,1.0155718750000002,0.001859375,0.9418593750000005,0.056281249999999984
2500,1.0161296874999999,0.0019375,0.9410312499999999,0.057031249999999985
2600,1.0162718750000002,0.0017343749999999998,0.9411250000000002,0.057140624999999994
2700,1.0160562499999997,0.00203125,0.943015625,0.054953124999999985
2800,1.0165953125,0.002125,0.9418281249999997,0.05604687499999999
2900,1.0168078125000002,0.0022187500000000002,0.9424218750000001,0.055359374999999995
3000,1.016121875,0.0022656250000000003,0.9435625000000003,0.05417187500000001
3100,1.01600625,0.0022968750000000003,0.9421718750000002,0.05553125000000001
3200,1.01569375,0.0022812500000000003,0.9438906250000001,0.053828125
3300,1.0159125,0.0023281250000000003,0.9438437500000001,0.053828125
3400,1.016025,0.0022500000000000003,0.9433437500000001,0.054406250000000024
3500,1.0161921874999997,0.0023750000000000004,0.9441718750000002,0.05345312499999998
3600,1.0169218750000002,0.00259375,0.9423593750000002,0.05504687500000001
3700,1.0175234375,0.002734375,0.9425156250000003,0.054749999999999986
3800,1.0175843750000002,0.002921875,0.9425937500000002,0.054484375
3900,1.0181281249999998,0.002890625,0.9419218750000001,0.05518749999999999
4000,1.0176921875000002,0.002984375,0.943421875,0.05359375000000001
4100,1.0176312500000002,0.002734375,0.9430000000000001,0.054265625
4200,1.017340625,0.00278125,0.94246875,0.05475000000000001
4300,1.0176390625000002,0.00253125,0.9432968750000003,0.054171875
4400,1.017796875,0.00265625,0.9437500000000005,0.05359374999999998
4500,1.0180125,0.002765625,0.9432187499999999,0.054015625000000005
4600,1.0180593749999998,0.0028125,0.9430312500000003,0.05415624999999999
4700,1.017809375,0.003046875,0.9436250000000003,0.053328125
4800,1.01821875,0.0030625,0.9431093750000004,0.053828125
4900,1.0181453125,0.003125,0.9429062500000002,0.05396875
5000,1.0181796875,0.0034062500000000004,0.9454687500000001,0.051125000000000004
5100,1.0182437500000003,0.0032968750000000003,0.9435625,0.053140625000000004
5200,1.0185937499999997,0.0032343750000000003,0.9439843750000002,0.05278124999999999
5300,1.0187984375,0.003125,0.94315625,0.05371875000000001
5400,1.0186765625000005,0.0031875000000000002,0.9439843750000007,0.05282812499999999
5500,1.0182906250000001,0.0030937499999999997,0.944328125,0.052578124999999996
5600,1.0176093750000001,0.00284375,0.9460625000000001,0.051093749999999986
5700,1.0177015625,0.0026875000000000002,0.9438593750000003,0.05345312500000001
5800,1.0170187499999999,0.002609375,0.9446718750000003,0.052718749999999995
5900,1.0170000000000003,0.0026875000000000007,0.9461406250000003,0.051171875000000006
6000,1.0172078125000001,0.0025625000000000005,0.9451406249999996,0.05229687499999998
6100,1.0173859375000003,0.0025312500000000005,0.945046875,0.05242187499999999
6200,1.0175124999999998,0.0022812500000000003,0.9438593750000002,0.053859374999999994
6300,1.0165218749999998,0.0023281250000000003,0.9450312500000002,0.052640624999999996
6400,1.0168953125000004,0.0024375000000000004,0.9447656250000003,0.05279687500000001
6500,1.0172124999999994,0.0025937499999999997,0.9451406250000003,0.052265625
6600,1.0179343749999996,0.00275,0.944015625,0.05323437500000001
6700,1.0186218749999996,0.0033125000000000003,0.9450624999999998,0.051625000000000004
6800,1.0188171875,0.0035625000000000006,0.9456250000000002,0.05081249999999998
6900,1.0192109374999996,0.0035000000000000005,0.9440625000000002,0.05243749999999999
7000,1.0191140625000001,0.0036562499999999998,0.9447343749999999,0.051609375
7100,1.0200812499999998,0.003890625,0.9425312500000002,0.05357812499999999
7200,1.0202515625000002,0.0038125,0.9443281250000005,0.05185937499999997
7300,1.0204234375000003,0.004125,0.9433281250000005,0.05254687500000001
7400,1.0203828124999996,0.004046875,0.943984375,0.05196875000000001
7500,1.02049375,0.004046875,0.9441093750000004,0.05184375
7600,1.0199140625000003,0.00421875,0.9452656250000004,0.05051562499999999
7700,1.0194671875000003,0.00390625,0.9451875000000002,0.05090625000000001
7800,1.0190609375000002,0.0036562500000000006,0.9460937500000001,0.05024999999999999
7900,1.0185687499999998,0.0035312500000000005,0.9463124999999999,0.05015625
8000,1.0184421874999998,0.003625,0.946578125,0.049796875000000004
8100,1.0185609375,0.0037500000000000003,0.9477187499999999,0.048531249999999984
8200,1.0188687499999998,0.00378125,0.9470781250000001,0.049140624999999986
8300,1.0190734375000003,0.0034062500000000004,0.9474062500000002,0.0491875
8400,1.0194703125,0.00375,0.9465000000000003,0.04974999999999999
8500,1.0198515624999998,0.003765625,0.945015625,0.051218749999999987
8600,1.0195359375000002,0.003578125,0.9457343750000001,0.05068749999999999
8700,1.0185109375000003,0.0033750000000000004,0.9470000000000002,0.04962499999999999
8800,1.0191953125,0.0033906250000000004,0.9463593750000002,0.05025000000000001
8900,1.0192734375,0.0034375000000000005,0.9473437500000002,0.04921874999999998
9000,1.0186859375,0.0034062500000000004,0.9467656249999999,0.049828125
9100,1.018228125,0.0033125000000000003,0.9473125000000002,0.049375
9200,1.0185171875,0.0032812500000000003,0.9472968749999998,0.049421875
9300,1.0184078125000005,0.0032968750000000003,0.9480156250000004,0.048687499999999995
9400,1.01858125,0.0033593750000000004,0.9474843749999997,0.04915624999999999
9500,1.0185750000000002,0.0033125000000000003,0.947359375,0.049328124999999994
9600,1.0186765624999998,0.0036718750000000002,0.9476718750000004,0.04865625
9700,1.0192296875000004,0.0037031250000000007,0.9459687500000001,0.05032812499999999
9800,1.018984375,0.0038125000000000004,0.9484687499999999,0.04771874999999999
9900,1.0192546875000001,0.0037656250000000007,0.9482812500000002,0.047953125
10000,1.0193828124999997,0.00415625,0.94759375,0.04825
10100,1.0197781249999998,0.004265625,0.949328125,0.04640624999999999
10200,1.0201374999999997,0.00425,0.9473437500000003,0.04840624999999999
10300,1.0203906250000003,0.0044375000000000005,0.9464687500000005,0.04909375
10400,1.0209609375,0.004546875000000001,0.9478906250000001,0.04756250000000002
10500,1.0209484375000002,0.0041875,0.9468906250000003,0.048921875
10600,1.0210406249999997,0.004140625,0.9466093749999999,0.049249999999999995
10700,1.0205234375000003,0.0043125,0.9487656250000001,0.046921875
10800,1.020840625,0.0043125,0.9478750000000002,0.04781249999999999
10900,1.0208812500000002,0.0044531250000000005,0.9488906250000002,0.04665624999999999
11000,1.0211015625,0.004718750000000001,0.9491562499999999,0.04612499999999999
11100,1.021415625,0.004828125000000001,0.9474531250000001,0.04771874999999998
11200,1.0219109375000002,0.004953125000000001,0.9465625000000004,0.048484374999999996
11300,1.0221203125000002,0.00521875,0.9461093750000003,0.048671875
11400,1.0228296875000003,0.0053125,0.9464843750000003,0.048203125000000006
11500,1.0234671874999999,0.0054843750000000005,0.9455468749999999,0.048968750000000005
11600,1.0235625,0.005703125000000001,0.9459843750000001,0.04831249999999999
11700,1.0244890625,0.006046875,0.9450312500000005,0.04892187499999999
11800,1.0251203124999997,0.005984375,0.943640625,0.050374999999999996
11900,1.025196875,0.005953125,0.9448437500000001,0.04920312499999999
12000,1.0252484374999997,0.006015625,0.9435937500000001,0.050390624999999994
12100,1.0248421875,0.00609375,0.9461093750000001,0.047796874999999996
12200,1.025009375,0.006109375,0.9451406250000002,0.048749999999999995
12300,1.02443125,0.005984375,0.9469843750000003,0.04703124999999999
12400,1.024409375,0.006,0.9459687500000001,0.048031249999999984
12500,1.0246390625,0.006171875,0.9447968750000004,0.04903125
12600,1.0251484375,0.00615625,0.9458593750000002,0.047984375
12700,1.0246406250000002,0.006046875,0.945234375,0.048718749999999984
12800,1.0243546875,0.006109375,0.9472812500000002,0.04660937500000001
12900,1.0244421875000003,0.006046875,0.9451093750000006,0.04884375
13000,1.0242671875,0.00603125,0.9464218749999999,0.04754687499999998
13100,1.0234734374999999,0.00565625,0.9470000000000003,0.04734375
13200,1.0228125000000003,0.005078125,0.9469843750000001,0.047937499999999994
13300,1.0225,0.00515625,0.9471406250000003,0.04770312499999999
13400,1.0223890624999998,0.00546875,0.9489687500000001,0.04556250000000002
13500,1.0219781249999997,0.005328125,0.94928125,0.045390625
13600,1.022125,0.005015625,0.94940625,0.04557812499999998
13700,1.022484375,0.004781250000000001,0.94721875,0.048
13800,1.0224984375,0.005046875000000001,0.9476249999999999,0.047328125000000006
13900,1.0226609375,0.004890625000000001,0.9460156250000001,0.049093749999999985
14000,1.0233515624999996,0.004937500000000001,0.9462656249999999,0.048796874999999997
14100,1.0230640625,0.004625000000000001,0.9462656249999999,0.04910937499999998
14200,1.0228875,0.0043906249999999996,0.9463437500000002,0.049265625
14300,1.023046875,0.0044375000000000005,0.9462187499999997,0.049343750000000006
14400,1.0231140625000001,0.004359375,0.9453125000000002,0.050328125
14500,1.0218687499999999,0.0044062500000000004,0.9473281250000001,0.048265625
14600,1.0220046874999997,0.004234375,0.9483750000000002,0.04739062499999999
14700,1.0219187500000007,0.004656250000000001,0.9488125000000004,0.04653125000000002
14800,1.0221937500000002,0.004765625000000001,0.9479375000000001,0.047296875
14900,1.022809375,0.005125000000000001,0.9469843750000003,0.04789062499999998
15000,1.0230750000000002,0.005296875000000001,0.9470781250000003,0.047625000000000015
15100,1.0230343750000002,0.005125000000000001,0.9473593749999998,0.047515625
15200,1.0231875,0.005468750000000001,0.9474999999999999,0.04703124999999998
15300,1.023478125,0.005187500000000001,0.946078125,0.04873437499999998
15400,1.0232359375,0.005328125000000001,0.947,0.047671874999999996
15500,1.0231390625000003,0.005359375000000001,0.9472500000000003,0.04739062499999999
15600,1.0231468750000001,0.005500000000000001,0.9478437500000001,0.04665625000000001
15700,1.0229828125000002,0.005390625000000001,0.9476718750000002,0.046937499999999986
15800,1.0233750000000004,0.005468750000000001,0.9466562500000001,0.04787499999999998
15900,1.02439375,0.00584375,0.9464843750000002,0.04767187500000001
16000,1.0249171874999998,0.00603125,0.9456875000000001,0.04828125000000001
16100,1.0262843749999997,0.00603125,0.9448906250000002,0.049078125
16200,1.025946875,0.006125,0.9455937500000002,0.04828124999999999
16300,1.025796875,0.0061875,0.9459531249999998,0.047859375
16400,1.0265156249999998,0.00640625,0.9448750000000005,0.048718750000000005
16500,1.0263359375,0.0064062500000000005,0.9451093750000003,0.048484375
16600,1.0264890625,0.00653125,0.944828125,0.048640625
16700,1.0262140624999998,0.006890625,0.9455468749999999,0.047562499999999994
16800,1.0267437499999998,0.006796875,0.9442812499999998,0.048921875000000004
16900,1.0272796874999999,0.007125000000000001,0.9448437500000003,0.048031250000000004
17000,1.0266078124999998,0.006984374999999999,0.9445625000000001,0.04845312499999999
17100,1.0278281249999996,0.0072031249999999995,0.94409375,0.04870312500000001
17200,1.0280562500000001,0.0071874999999999994,0.9449375000000002,0.047875000000000015
17300,1.0282984375000002,0.007406250000000001,0.9446875000000002,0.047906249999999984
17400,1.0287359374999996,0.007656250000000001,0.9440468750000002,0.048296874999999996
17500,1.0291281249999997,0.007859375,0.9440000000000002,0.048140625
17600,1.0291624999999998,0.007921875,0.943953125,0.04812500000000001
17700,1.0306171874999999,0.00834375,0.9412812500000002,0.050374999999999996
17800,1.0318968750000002,0.008765625000000003,0.9416406250000002,0.049593749999999985
17900,1.0327046875000003,0.009218750000000003,0.9421250000000002,0.048656250000000005
18000,1.0342078124999998,0.009843750000000004,0.9396250000000004,0.05053125
18100,1.0348562499999998,0.010203125000000002,0.9393124999999999,0.050484375000000005
18200,1.0358953125000003,0.0106875,0.9385468750000003,0.050765624999999995
18300,1.0374109375000002,0.011031250000000001,0.9372500000000001,0.05171875
18400,1.03833125,0.011562500000000002,0.9369687500000001,0.051468749999999994
18500,1.0397734375000003,0.012015625000000002,0.9362656250000003,0.05171875
18600,1.0406531249999997,0.012187500000000002,0.935796875,0.052015624999999996
18700,1.0418812499999999,0.012843750000000003,0.9350937500000002,0.0520625
18800,1.0433859375,0.013156250000000003,0.9338437500000001,0.053
18900,1.042909375,0.013140625000000003,0.9348906250000001,0.05196875
19000,1.0431515624999999,0.013234375000000001,0.935,0.051765625000000016
19100,1.0424640625,0.013109375000000001,0.9355156250000001,0.05137499999999998
19200,1.0423203125000005,0.013062500000000003,0.9343437500000005,0.05259374999999999
19300,1.0413234375000002,0.012750000000000001,0.9347500000000001,0.052500000000000005
19400,1.0423703125000001,0.0135,0.934140625,0.052359375000000014
19500,1.0420078125,0.013609375,0.9350937500000003,0.051296875
19600,1.0420656250000002,0.013187500000000001,0.9350468750000003,0.051765625
19700,1.04044375,0.012968750000000003,0.9363906250000004,0.05064062499999998
19800,1.0400484375,0.012421875000000002,0.9354375000000001,0.05214062499999999
19900,1.0399187499999998,0.012046875000000002,0.935484375,0.05246875
20000,1.0397640625000002,0.011703125,0.9364687500000001,0.051828125
20100,1.039353125,0.011484375000000002,0.9356562500000002,0.052859374999999986
20200,1.0387515625000003,0.011218750000000001,0.9363281249999998,0.052453124999999996
20300,1.0381671875,0.011015625000000003,0.9369062499999997,0.05207812500000001
20400,1.0378234375000002,0.010906250000000003,0.9382343750000003,0.05085937500000001
20500,1.0377015625,0.011015625000000003,0.9378593749999998,0.05112500000000002
20600,1.0373609374999997,0.011265625000000001,0.9387812500000001,0.049953125
20700,1.0383812499999998,0.011375000000000001,0.9379062500000002,0.05071874999999998
20800,1.0385375,0.011546875000000003,0.9370156250000001,0.0514375
20900,1.0398859375,0.012062500000000004,0.9365624999999999,0.051375
21000,1.0410593750000003,0.011984375000000004,0.9338906250000001,0.05412499999999999
21100,1.0416375000000002,0.012343750000000002,0.9342187500000003,0.05343750000000001
21200,1.0418437500000002,0.012187500000000002,0.9350781250000002,0.05273437500000001
21300,1.0407187500000001,0.011687500000000003,0.9351406250000004,0.053171875
21400,1.0397468749999998,0.011906250000000004,0.9368437499999999,0.05125
21500,1.0404843749999997,0.012125000000000004,0.9366875000000002,0.051187500000000004
21600,1.0401468750000002,0.012015625000000002,0.936859375,0.051125
21700,1.0402078125,0.011640625000000003,0.9365625000000001,0.051796875
21800,1.0407578124999999,0.011781250000000002,0.9359062499999999,0.0523125
21900,1.0410546874999997,0.011765625000000004,0.9351562499999998,0.053078125000000004
22000,1.0409890625,0.012093750000000002,0.9361093750000002,0.051796875000000006
22100,1.0410062500000004,0.012156250000000004,0.9346093750000002,0.053234375
22200,1.0399312500000002,0.01175,0.936546875,0.05170312499999999
22300,1.0397828125000002,0.0115625,0.9361874999999998,0.052249999999999984
22400,1.0404578125,0.011671875,0.93525,0.05307812500000001
22500,1.0400609374999998,0.011656250000000002,0.934046875,0.05429687500000001
22600,1.0389390625000001,0.011453125000000001,0.936546875,0.052
22700,1.0394000000000003,0.011890625,0.9365781249999996,0.05153124999999998
22800,1.040178125,0.01221875,0.9363125000000003,0.051468749999999994
22900,1.0410937500000002,0.012203125,0.9349687500000001,0.052828125
23000,1.0410906250000003,0.01196875,0.9348125,0.053218749999999995
23100,1.0411843749999998,0.011906250000000002,0.9352656250000001,0.052828125000000004
23200,1.0421421874999999,0.012703125000000001,0.9345468750000004,0.05274999999999998
23300,1.0431562499999998,0.012734375,0.9334531249999998,0.05381249999999999
23400,1.0423656249999997,0.0125,0.934296875,0.053203125000000004
23500,1.0437234375000002,0.012921875000000001,0.9342812500000002,0.052796875
23600,1.0443078124999998,0.012937500000000001,0.9320781250000001,0.05498437499999998
23700,1.0439328125,0.0134375,0.9337500000000001,0.05281249999999999
23800,1.0446468749999998,0.014062500000000004,0.933515625,0.052421874999999986
23900,1.044559375,0.0140625,0.9325468750000003,0.05339062499999999
24000,1.0448859375000001,0.014390625000000002,0.9347968749999999,0.050812500000000003
24100,1.04579375,0.014750000000000003,0.9334531250000004,0.051796875
24200,1.0465953125000003,0.014875000000000001,0.9323281250000002,0.05279687500000001
24300,1.0477328124999996,0.015265625000000001,0.9316406249999998,0.053093750000000016
24400,1.0477453125000002,0.015078125000000003,0.9312812499999998,0.05364062500000002
24500,1.0474937499999997,0.014875,0.93134375,0.053781249999999996
24600,1.0490734375000004,0.015078125000000001,0.92953125,0.055390624999999985
24700,1.0489281250000002,0.015328125000000001,0.930609375,0.054062499999999986
24800,1.0490078125,0.015156250000000001,0.930765625,0.05407812499999999
24900,1.0496109375,0.015046875000000001,0.9296093750000002,0.05534374999999999
25000,1.0492515625,0.014765625000000001,0.9297031250000001,0.05553125000000002
25100,1.0482828125,0.014515625,0.9298593750000003,0.05562499999999999
25200,1.0473015625000002,0.014343749999999999,0.9314218750000001,0.05423437500000001
25300,1.0469046874999997,0.014187500000000004,0.9307656250000004,0.05504687500000001
25400,1.0461296875000001,0.014250000000000004,0.932328125,0.053421875
25500,1.0456343750000001,0.013812500000000004,0.9326406250000001,0.05354687499999999
25600,1.0455484374999997,0.014203125000000002,0.9327031250000003,0.05309374999999999
25700,1.0453328125000005,0.014515625000000002,0.9343593749999999,0.05112500000000001
25800,1.0451421875000004,0.014546875000000003,0.934328125,0.051124999999999976
25900,1.0451343750000002,0.014609375,0.93459375,0.05079687499999999
26000,1.045940625,0.014968750000000003,0.9341562500000002,0.05087499999999999
26100,1.0457765625,0.014406250000000004,0.9323593750000003,0.05323437499999999
26200,1.04613125,0.014640625,0.93425,0.05110937500000001
26300,1.045925,0.014281250000000002,0.9312500000000004,0.05446875
26400,1.0466093749999998,0.014281250000000004,0.9310312500000003,0.05468750000000001
26500,1.046271875,0.014000000000000004,0.9306718750000001,0.05532812499999999
26600,1.0470390625000003,0.014343750000000004,0.9303749999999997,0.05528124999999999
26700,1.0476937499999999,0.014734375000000003,0.9309687500000001,0.054296874999999994
26800,1.047246875,0.014828125000000004,0.9310937499999998,0.054078125000000005
26900,1.0466109374999997,0.014703125000000003,0.9316718749999998,0.05362500000000002
27000,1.0460828125,0.014984375000000001,0.9324843750000001,0.05253124999999999
27100,1.0453203125000003,0.014671875000000001,0.93271875,0.05260937499999999
27200,1.0455296875000002,0.014875000000000001,0.9321406249999996,0.05298437500000001
27300,1.0458718749999996,0.015171875000000001,0.9335781250000001,0.05124999999999999
27400,1.0466078125,0.015203125000000001,0.9327968750000001,0.052000000000000005
27500,1.0477265625,0.015703125000000002,0.9333593750000003,0.05093750000000001
27600,1.0480015624999999,0.015984375000000002,0.9320781250000001,0.0519375
27700,1.0482453125000002,0.015734375000000002,0.9319375000000002,0.05232812499999999
27800,1.0475921875,0.015156250000000003,0.9309531250000005,0.05389062499999999
27900,1.0468531249999997,0.015187500000000001,0.9333593750000003,0.05145312499999999
28000,1.04568125,0.014734375000000003,0.9333749999999996,0.05189062499999999
28100,1.0460937499999998,0.014640625,0.9327187500000003,0.05264062499999998
28200,1.0458015625000003,0.014812500000000001,0.9329375,0.05224999999999999
28300,1.0466546875,0.014796875000000003,0.9330156250000001,0.0521875
28400,1.0475859374999996,0.014765625000000003,0.9321406250000003,0.053093749999999995
28500,1.0473296875000002,0.014781250000000001,0.931125,0.054093749999999975
28600,1.046228125,0.014359375,0.9312031249999998,0.05443749999999998
28700,1.0457375000000002,0.014234375,0.9329843750000001,0.05278125000000001
28800,1.0459453125000002,0.01446875,0.9328281249999998,0.05270312499999999
28900,1.045840625,0.014390625,0.93328125,0.05232812499999998
29000,1.0470156249999998,0.014781250000000001,0.9308906250000002,0.054328125000000005
29100,1.0472546875000002,0.014578125,0.9306718749999998,0.054750000000000014
29200,1.0457156249999997,0.01384375,0.9321718749999997,0.053984375
29300,1.0444515625,0.013546875,0.9343437500000001,0.05210937499999999
29400,1.0432765624999998,0.01346875,0.9348750000000001,0.051656249999999994
29500,1.0427078125000002,0.013437500000000002,0.9352500000000004,0.0513125
29600,1.0425296874999999,0.013296875,0.9360624999999999,0.050640625
29700,1.04288125,0.013484375000000003,0.93615625,0.05035937499999998
29800,1.0418265625,0.012812500000000003,0.9358124999999999,0.05137500000000002
29900,1.0414312500000003,0.012546875000000002,0.9365937499999998,0.050859375
30000,1.041209375,0.012984375000000003,0.9371406250000001,0.049874999999999996
30100,1.0425187499999997,0.013328125000000003,0.9344062500000003,0.052265624999999996
30200,1.0423359375,0.012921875000000003,0.9342343750000002,0.05284375000000001
30300,1.0429874999999997,0.012921875000000003,0.9348906249999999,0.052187500000000005
30400,1.0432640624999998,0.013359375000000003,0.9343593750000002,0.052281249999999994
30500,1.0427375,0.013234375,0.9352187500000002,0.05154687499999999
30600,1.0428375000000003,0.013156250000000001,0.9360781250000004,0.050765625
30700,1.0422718749999997,0.013359375000000001,0.9371875000000001,0.04945312499999997
30800,1.04235,0.012781250000000001,0.9364843750000003,0.05073437499999998
30900,1.0416999999999996,0.012671875,0.9363593750000001,0.050968749999999986
31000,1.0421203125000007,0.013078125000000003,0.9368906250000001,0.05003124999999999
31100,1.0431156250000002,0.013515625000000002,0.9353437500000001,0.05114062499999999
31200,1.04425625,0.013796875,0.935140625,0.05106249999999998
31300,1.0455093749999997,0.014203125,0.9332031249999999,0.05259375000000001
31400,1.0458890625,0.014031249999999999,0.9325937500000002,0.053374999999999985
31500,1.0462218749999999,0.014218750000000002,0.9319531249999999,0.053828124999999984
31600,1.0470015625000004,0.014703125000000003,0.933921875,0.05137500000000001
31700,1.0472921874999999,0.014875000000000001,0.9315468749999999,0.05357812499999998
31800,1.046375,0.0145,0.9320937499999997,0.05340624999999998
31900,1.0467437500000003,0.014765625000000001,0.9328437500000001,0.052390624999999975
32000,1.0470703124999998,0.015171875,0.933015625,0.05181249999999999
32100,1.0459750000000003,0.01521875,0.934640625,0.05014062499999998
32200,1.0447125,0.01490625,0.9358125000000002,0.04928124999999999
32300,1.0453734375000001,0.015156249999999998,0.934734375,0.05010937499999999
32400,1.0456703125,0.0155,0.9349218749999999,0.049578125
32500,1.0452187499999999,0.014906249999999998,0.934703125,0.050390624999999994
32600,1.0454125,0.014734375,0.9338124999999999,0.051453124999999995
32700,1.045034375,0.014390625,0.9345781250000001,0.05103124999999997
32800,1.04525625,0.014687499999999997,0.9335,0.05181249999999999
32900,1.0457578125000007,0.014687500000000001,0.9335625,0.05175000000000001
33000,1.0450500000000003,0.014609375,0.9347187499999998,0.05067187499999999
33100,1.0450046875,0.014796874999999998,0.9337187500000002,0.05148437500000001
33200,1.0463609375000003,0.015296874999999998,0.9329843750000004,0.05171874999999997
33300,1.0465484375000003,0.015,0.9324218750000002,0.05257812500000002
33400,1.0475375000000005,0.015375,0.9310468750000004,0.053578125000000004
33500,1.0479953125000003,0.015374999999999998,0.9306406250000007,0.05398437500000001
33600,1.0493515625000003,0.016171875,0.929859375,0.05396874999999999
33700,1.0491937500000001,0.016140625,0.92965625,0.054203125000000005
33800,1.0501234375000004,0.01578125,0.9287656250000004,0.05545312499999999
33900,1.0491890625000004,0.015234375,0.9314374999999999,0.05332812499999999
34000,1.0491125000000001,0.015328125,0.9308593750000002,0.05381249999999997
34100,1.0476999999999999,0.014984375,0.9335000000000002,0.051515624999999995
34200,1.046946875,0.01496875,0.932484375,0.05254687499999999
34300,1.0461296875,0.015203124999999998,0.9337968749999999,0.051000000000000004
34400,1.0456953125,0.014281249999999999,0.93390625,0.051812500000000004
34500,1.0447468750000004,0.014031249999999999,0.9354218750000003,0.05054687499999998
34600,1.043328125,0.013484375,0.935953125,0.05056250000000001
34700,1.0434281250000004,0.013718749999999998,0.9353593749999999,0.050921875
34800,1.042915625,0.013562500000000002,0.9356093749999999,0.050828124999999974
34900,1.0416296875,0.013046875,0.9368125,0.050140625
35000,1.0411046875,0.012687500000000003,0.9359843749999998,0.05132812499999998
35100,1.0409249999999997,0.012968750000000003,0.9371875000000001,0.04984374999999998
35200,1.0415421874999995,0.013281250000000001,0.9372031250000001,0.049515625
35300,1.0426468750000004,0.013687500000000002,0.9357656250000002,0.050546874999999984
35400,1.0437999999999998,0.014156250000000004,0.93628125,0.049562499999999995
35500,1.0449265625000002,0.014515625,0.9357968749999999,0.049687499999999996
35600,1.0453859375,0.014843750000000003,0.9354843749999999,0.04967187500000002
35700,1.0454578124999996,0.014656250000000003,0.9356406250000001,0.049703125
35800,1.0466546874999998,0.015078125000000001,0.9325468750000001,0.052374999999999984
35900,1.0474093750000004,0.015265625000000001,0.9337031250000003,0.05103125
36000,1.0482171875000001,0.015937500000000004,0.9337031250000003,0.05035937499999999
36100,1.0494140625000001,0.016406250000000004,0.9332187499999998,0.05037499999999999
36200,1.0484125,0.0163125,0.9330312500000001,0.05065624999999998
36300,1.0486796875,0.016671875,0.9343437499999999,0.048984375
36400,1.0504468749999998,0.017124999999999998,0.9321093750000001,0.050765624999999974
36500,1.051646875,0.0171875,0.9310781249999999,0.051734375000000006
36600,1.0512796875000003,0.017187499999999998,0.9302968750000002,0.052515624999999996
36700,1.050346875,0.016953124999999996,0.9318750000000001,0.05117187499999999
36800,1.0507281249999998,0.016953125,0.9318437499999997,0.05120312499999998
36900,1.0503140625000003,0.017234375,0.9319374999999999,0.05082812499999998
37000,1.0516546875000001,0.017625000000000002,0.9304062500000003,0.051968749999999994
37100,1.0525718750000002,0.01775,0.9298906250000001,0.052359375
37200,1.05125,0.01746875,0.930796875,0.05173437499999998
37300,1.05074375,0.017171875000000003,0.9322812500000001,0.050546875
37400,1.0503312500000002,0.017312499999999998,0.93221875,0.05046874999999999
37500,1.051384375,0.017796875000000004,0.930625,0.05157812499999999
37600,1.0521562500000001,0.018296875,0.9304687500000001,0.051234375000000006
37700,1.0519078124999999,0.017453125000000003,0.9288750000000002,0.053671874999999994
37800,1.0514203125000001,0.0174375,0.9291406250000002,0.053421875
37900,1.0508140625,0.016984375,0.9300625000000001,0.05295312499999999
38000,1.0519796874999996,0.0173125,0.9307187500000003,0.05196874999999999
38100,1.0526703124999999,0.017625000000000002,0.9296562500000001,0.052718749999999995
38200,1.0522625,0.017703125,0.9304687500000002,0.05182812499999998
38300,1.053315625,0.01784375,0.9292031250000005,0.05295312499999998
38400,1.0547031250000005,0.019156249999999996,0.9289375000000003,0.05190625000000001
38500,1.05566875,0.0198125,0.9284843750000001,0.051703124999999996
38600,1.056028125,0.01959375,0.9285781250000001,0.051828124999999996
38700,1.0559671874999994,0.019609375000000002,0.9273124999999999,0.05307812499999996
38800,1.0561890625,0.019578125,0.9295624999999998,0.050859375
38900,1.0568796875000002,0.019671875,0.9282499999999997,0.05207812499999998
39000,1.05621875,0.019984375,0.9276093750000003,0.052406249999999995
39100,1.0561859375000002,0.02009375,0.9294843750000003,0.05042187499999999
39200,1.0570265625,0.020093749999999997,0.927671875,0.052234374999999986
39300,1.0581234375000002,0.020781249999999998,0.9275000000000001,0.051718749999999994
39400,1.0597468750000003,0.020765624999999996,0.9265156250000002,0.052718749999999974
39500,1.06156875,0.021578125,0.9244531250000002,0.053968749999999996
39600,1.062746875,0.022234375,0.9231250000000004,0.05464062499999999
39700,1.0630218750000002,0.022421874999999994,0.9240000000000005,0.053578125000000004
39800,1.0648187500000001,0.022890624999999994,0.9232968750000002,0.053812499999999965
39900,1.0657734375,0.023703124999999995,0.9213906249999998,0.05490625
40000,1.0656671875000003,0.024203124999999995,0.922171875,0.053625
40100,1.0661328125,0.024421874999999996,0.9227187499999998,0.052859374999999986
40200,1.0682796874999998,0.025281249999999995,0.9217812500000001,0.052937500000000005
40300,1.0708546874999996,0.026515624999999998,0.9204375,0.05304687499999999
40400,1.072196875,0.02717187499999999,0.9185781250000002,0.05425000000000001
40500,1.0735453125000003,0.027406249999999993,0.9173593749999999,0.05523437499999999
40600,1.0750484375,0.027968749999999994,0.9165468750000003,0.05548437499999997
40700,1.0749171875,0.027593749999999993,0.9174531250000002,0.054953125
40800,1.0728453125000004,0.026421874999999997,0.9183593750000002,0.05521874999999999
40900,1.0718484375,0.02609375,0.9197031249999998,0.05420312499999999
41000,1.0714734375000001,0.02596875,0.9187500000000003,0.05528125
41100,1.0711000000000002,0.025359374999999993,0.91871875,0.05592187499999999
41200,1.0726499999999997,0.025703124999999997,0.9169062500000001,0.057390624999999994
41300,1.0722921874999998,0.02524999999999999,0.9173124999999999,0.0574375
41400,1.0710062500000002,0.024718749999999994,0.9187343750000002,0.05654687499999999
41500,1.0696578125,0.024515624999999996,0.9197031250000002,0.05578124999999999
41600,1.06860625,0.02403125,0.9205312499999998,0.055437499999999994
41700,1.0669500000000005,0.023046874999999998,0.9194531250000002,0.05749999999999998
41800,1.0641562499999997,0.022015624999999997,0.9232343750000003,0.05475
41900,1.0621250000000002,0.021218749999999998,0.9243437500000001,0.054437499999999986
42000,1.061671875,0.02121875,0.9252812499999997,0.05349999999999999
42100,1.0615015625,0.020968749999999994,0.9246562500000003,0.05437500000000001
42200,1.0599984375,0.020984374999999996,0.9264999999999998,0.05251562500000001
42300,1.0593796875,0.020265625,0.9262968750000001,0.0534375
42400,1.0591703125,0.0199375,0.9258281249999997,0.054234375
42500,1.0597578124999998,0.019796874999999995,0.9240625000000001,0.05614062499999998
42600,1.059165625,0.019296874999999998,0.9247812500000002,0.05592187499999998
42700,1.0581593750000002,0.018609375,0.9244062500000001,0.05698437500000001
42800,1.0566093749999999,0.018046875,0.9253437499999999,0.056609375
42900,1.055065625,0.017515625,0.9266875000000001,0.055796874999999996
43000,1.0536140625000003,0.01703125,0.928953125,0.054015625
43100,1.0530703125000003,0.017328125,0.9278749999999998,0.05479687499999999
43200,1.0533031249999998,0.017062499999999998,0.9274687500000001,0.05546874999999999
43300,1.0530406249999997,0.016765625,0.9265312499999999,0.05670312499999999
43400,1.0526078125000002,0.017109375,0.9296718750000001,0.05321875
43500,1.0525046875000001,0.01696875,0.9298906250000002,0.05314062499999998
43600,1.0527890624999998,0.017093749999999998,0.9295468750000001,0.05335937499999997
43700,1.0526078125000002,0.016656249999999997,0.9299062500000003,0.053437499999999985
43800,1.05139375,0.016390625000000002,0.93146875,0.052140624999999996
43900,1.050534375,0.016015625,0.9330468750000002,0.05093749999999999
44000,1.0511578125000003,0.01646875,0.931203125,0.052328125
44100,1.0516,0.016859375,0.9311875000000001,0.051953124999999996
44200,1.053146875,0.017625,0.93078125,0.05159375
44300,1.0531750000000002,0.017421875,0.9290937499999999,0.05348437499999998
44400,1.05236875,0.017156249999999998,0.9301875000000002,0.05265625
44500,1.0512374999999996,0.016375,0.9308593749999999,0.052765625
44600,1.05144375,0.016265625000000002,0.9292656250000002,0.05446875000000001
44700,1.0524374999999997,0.01653125,0.928953125,0.054515625
44800,1.0530671875000002,0.016515625,0.9287656249999999,0.05471874999999999
44900,1.0519937499999998,0.016703125,0.930171875,0.053124999999999985
45000,1.0525312500000001,0.016953125000000003,0.92953125,0.05351562499999999
45100,1.0530015624999998,0.017421874999999996,0.9285312499999997,0.054046875
45200,1.052459375,0.016796875,0.9292343749999998,0.05396874999999999
45300,1.0520109375000002,0.017125,0.9314531250000002,0.051421874999999985
45400,1.051940625,0.0175,0.93128125,0.05121875000000001
45500,1.0530890625000007,0.017796875,0.9306875000000001,0.05151562499999999
45600,1.0532546875000002,0.017859375,0.9318437500000003,0.05029687499999999
45700,1.0535984375,0.017750000000000002,0.9312499999999999,0.051000000000000004
45800,1.0525781249999997,0.017625000000000002,0.9316093750000001,0.050765625
45900,1.0525375000000001,0.017734374999999997,0.932328125,0.04993749999999998
46000,1.0529984374999999,0.0183125,0.931703125,0.049984374999999984
46100,1.0542078125,0.01875,0.9315468749999999,0.049703125
46200,1.0546734375,0.018765625,0.929953125,0.05128124999999999
46300,1.0549828125,0.018703125,0.9302812500000001,0.051015625
46400,1.05479375,0.018468750000000003,0.93090625,0.050624999999999996
46500,1.0552859374999999,0.018515625000000004,0.9288750000000001,0.052609375
46600,1.0571109374999998,0.018859375,0.9270000000000002,0.054140624999999984
46700,1.0576812500000001,0.018515624999999997,0.9257812499999998,0.055703125
46800,1.056853125,0.018890625,0.927625,0.053484375000000015
46900,1.0568359375000003,0.01934375,0.9283593749999998,0.052296875
47000,1.0581531249999998,0.019890625000000002,0.9276093750000003,0.05250000000000001
47100,1.0583656250000004,0.020671875,0.9284062500000003,0.05092187499999999
47200,1.0609203125000002,0.021375,0.926109375,0.05251562500000001
47300,1.061996875,0.021203125000000003,0.923578125,0.055218750000000004
47400,1.063234375,0.021140625,0.9217656250000001,0.05709375
47500,1.0641375,0.021953125,0.9225781249999999,0.055468750000000004
47600,1.0640015625000006,0.022046875,0.9222656250000001,0.055687499999999994
47700,1.065709375,0.02265625,0.9196875000000001,0.05765624999999999
47800,1.0656671875000003,0.0225625,0.9218593750000001,0.05557812499999999
47900,1.064846875,0.022562499999999996,0.921390625,0.056046874999999996
48000,1.0654765625,0.02309375,0.9216406250000001,0.055265625
48100,1.0655703125000004,0.02315625,0.9216093750000002,0.055234375
48200,1.0670468750000002,0.023765624999999995,0.9211562499999998,0.05507812499999999
48300,1.0667859375,0.023968749999999997,0.92146875,0.05456249999999997
48400,1.0665265625000002,0.0239375,0.9226250000000003,0.05343749999999998
48500,1.0664609374999998,0.024031249999999994,0.9222656250000003,0.053703125000000004
48600,1.0669234375,0.0235,0.9218124999999999,0.05468749999999999
48700,1.0656640624999998,0.023109374999999998,0.92265625,0.054234374999999994
48800,1.0640046875000004,0.022765625,0.9241249999999999,0.053109375
48900,1.0651921875,0.022734375,0.921765625,0.055499999999999994
49000,1.0645718750000002,0.022640625,0.9236875000000001,0.05367187499999998
49100,1.0646640625,0.022890625000000005,0.9246874999999998,0.05242187500000001
49200,1.0634875000000001,0.022312499999999996,0.9252187500000001,0.052468750000000015
49300,1.0631281250000002,0.02271875,0.9256093750000001,0.05167187499999999
49400,1.06344375,0.022671874999999998,0.9249687500000002,0.05235937500000001
49500,1.0622125000000002,0.02165625,0.9255937500000001,0.05275
49600,1.0613656250000003,0.02175,0.9265468750000001,0.051703124999999996
49700,1.0614328125,0.0214375,0.9268906250000002,0.05167187499999999
49800,1.0599390625,0.021078125,0.9273906250000002,0.05153124999999998
49900,1.0593000000000004,0.020765625,0.9282500000000002,0.050984375000000005
50000,1.0587609375000002,0.0206875,0.9279375,0.05137499999999999
50100,1.0595828125,0.021015625,0.9255468749999999,0.05343749999999998
50200,1.05944375,0.021046874999999996,0.9259531249999999,0.053000000000000005
50300,1.0593296874999996,0.021343749999999998,0.9267343750000002,0.051921875000000006
50400,1.060503125,0.021484374999999997,0.9251562500000001,0.053359375
50500,1.060815625,0.021468749999999995,0.9247500000000002,0.053781249999999975
50600,1.0611937500000002,0.021765624999999993,0.925828125,0.05240624999999999
50700,1.0623859375000004,0.021874999999999995,0.9246093749999998,0.05351562500000001
50800,1.0642359375000001,0.022234374999999997,0.9221562500000003,0.055609374999999996
50900,1.0641546875,0.022390624999999994,0.924015625,0.05359374999999999
51000,1.06365625,0.022078124999999997,0.9245,0.05342187499999999
51100,1.0633234374999998,0.021781249999999995,0.9242187499999999,0.054
51200,1.0640359375000004,0.021828124999999997,0.9230156250000006,0.055156250000000004
51300,1.063753125,0.02184375,0.9227500000000001,0.05540624999999999
51400,1.0633734375,0.021390624999999993,0.9225156249999998,0.05609375
51500,1.0638000000000003,0.021187499999999995,0.9221250000000001,0.0566875
51600,1.0626546875000003,0.020859374999999993,0.9220156250000001,0.05712499999999998
51700,1.0607718750000004,0.020406249999999997,0.92396875,0.055624999999999994
51800,1.0605109375000001,0.020171874999999995,0.9231562500000001,0.05667187500000001
51900,1.0592281250000002,0.019921874999999995,0.9249531250000002,0.05512500000000001
52000,1.0596281250000004,0.020437499999999997,0.9255937500000001,0.05396874999999999
52100,1.0604359375,0.020953124999999996,0.9250000000000002,0.05404687499999999
52200,1.0604546875000003,0.020515624999999996,0.9255156250000001,0.053968750000000024
52300,1.061525,0.020921875,0.9234687500000003,0.055609374999999975
52400,1.0604953124999998,0.021218749999999998,0.9267187499999999,0.052062500000000005
52500,1.0611734375000004,0.020953124999999996,0.9243750000000001,0.05467187499999999
52600,1.0619171875000002,0.021218749999999995,0.9246406250000002,0.05414062499999999
52700,1.0618656250000003,0.021328125000000003,0.9250937500000004,0.05357812499999999
52800,1.0604109375,0.020781250000000005,0.925140625,0.05407812499999996
52900,1.0611859375,0.020828125,0.9243281250000003,0.05484374999999999
53000,1.0608218750000002,0.021078124999999996,0.9250156250000003,0.05390624999999999
53100,1.0610890625,0.021234374999999996,0.9253281250000001,0.053437500000000006
53200,1.062503125,0.021999999999999995,0.9237812500000003,0.054218749999999996
53300,1.0616,0.0215,0.9240781250000003,0.05442187500000001
