step,mean_aspect_ratio,fraction_elongated,fraction_round,fraction_binary
100,1.0,0.0,1.0,0.0
200,1.1795046875000004,0.01264062500000001,0.5589843750000002,0.42837500000000006
300,1.2053578125000002,0.027249999999999993,0.543359375,0.42939062499999986
400,1.2264453125,0.03956250000000001,0.5466875,0.4137500000000001
500,1.2450015625000002,0.052234375,0.5650625000000002,0.38270312500000003
600,1.2673437500000002,0.066953125,0.5893437499999999,0.34370312499999983
700,1.2912546875000002,0.08140625000000003,0.6054375,0.31315625
800,1.3091140625,0.09631250000000005,0.6270624999999999,0.27662499999999995
900,1.3347562500000003,0.11145312500000003,0.6306718750000002,0.2578749999999999
1000,1.3580390625,0.12662500000000002,0.6362031250000003,0.23717187500000006
1100,1.3809624999999999,0.13975,0.6332031249999999,0.22704687499999998
1200,1.4006328125,0.15096875000000004,0.6313125000000002,0.21771875000000004
1300,1.4194531249999998,0.16198437499999993,0.630484375,0.20753125000000003
1400,1.4385765624999998,0.17342187499999998,0.6256562500000001,0.20092187500000008
1500,1.4573062500000002,0.18359375,0.6152500000000001,0.20115625000000004
1600,1.4782703125000003,0.19373437499999993,0.60590625,0.20035937500000003
1700,1.494109375,0.20298437499999994,0.599734375,0.1972812499999999
1800,1.5079546875000003,0.21018749999999997,0.5946562500000001,0.19515624999999992
1900,1.5231640624999998,0.218640625,0.5871406250000001,0.19421875000000005
2000,1.5389921874999997,0.22531250000000008,0.5802031250000002,0.19448437500000001
2100,1.5507921875,0.23137499999999997,0.57353125,0.19509375000000007
2200,1.5686390625,0.23793750000000002,0.5597187499999997,0.20234375000000002
2300,1.5802281249999999,0.24328125,0.5527187499999999,0.20400000000000004
2400,1.5908140624999998,0.24865624999999997,0.549421875,0.20192187499999995
2500,1.6040187499999996,0.25349999999999995,0.5416718749999999,0.204828125
2600,1.6111312500000003,0.257328125,0.5370781250000001,0.20559375000000002
2700,1.6201921874999996,0.26120312500000004,0.5354531249999998,0.20334375000000005
2800,1.6270609375,0.2654375,0.5325468750000002,0.20201562500000003
2900,1.6374484375,0.271671875,0.5279375000000001,0.200390625
3000,1.644815625,0.275328125,0.5230156249999999,0.20165624999999998
3100,1.6512328124999998,0.27884375000000006,0.51984375,0.20131249999999995
3200,1.6541468750000001,0.28114062500000003,0.5181875000000001,0.20067187499999992
3300,1.6619750000000009,0.2855312500000001,0.5162656250000002,0.198203125
3400,1.6667828125000006,0.29001562499999994,0.5169218750000001,0.1930625
3500,1.6733281250000003,0.29434374999999996,0.5133125,0.19234374999999998
3600,1.6743015625,0.2960312499999999,0.5145000000000001,0.18946875000000002
3700,1.6783312499999996,0.29824999999999996,0.5138125000000002,0.18793750000000006
3800,1.689171875,0.3031250000000001,0.5073593750000001,0.18951562500000005
3900,1.6962015625000002,0.30598437500000003,0.49967187499999993,0.19434375
4000,1.7000703125000003,0.30912500000000004,0.5001718749999999,0.1907031249999999
4100,1.7040593750000004,0.30996875,0.4962500000000001,0.1937812499999999
4200,1.7082031250000003,0.3121718750000001,0.4931093750000001,0.19471875000000002
4300,1.7188671875000001,0.31639062500000004,0.48871875,0.19489062499999996
4400,1.7286265625000001,0.32065625000000003,0.48126562500000014,0.19807812499999994
4500,1.7355640625000004,0.322671875,0.476578125,0.20075000000000012
4600,1.7387328124999997,0.3241874999999999,0.4764843750000001,0.19932812499999997
4700,1.7407953125000006,0.325390625,0.477015625,0.19759374999999998
4800,1.7398968750000001,0.3254375,0.47821874999999997,0.19634374999999998
4900,1.741025,0.32721875,0.4796406249999998,0.19314062499999995
5000,1.7395078125000003,0.32812500000000006,0.48090625000000004,0.19096875000000005
5100,1.7358187500000004,0.3255,0.48364062499999994,0.19085937499999997
5200,1.7325531249999997,0.3240625000000001,0.4862499999999999,0.1896875000000001
5300,1.7283484375,0.32254687500000007,0.48890624999999993,0.188546875
5400,1.7270218750000002,0.32209375000000007,0.4890312499999999,0.18887499999999993
5500,1.7263625000000002,0.3217968750000001,0.48803124999999997,0.1901718749999999
5600,1.7265859375000001,0.32310937500000003,0.48723437500000016,0.18965625
5700,1.7297937500000007,0.32290624999999995,0.48290625,0.1941875
5800,1.728699999999999,0.3214218749999999,0.4834062499999999,0.19517187500000008
5900,1.7338375000000004,0.32423437499999985,0.4805781249999999,0.1951875
6000,1.7409453125000003,0.3272812500000001,0.4758906249999998,0.19682812500000002
6100,1.7479468750000002,0.3311718749999999,0.47201562500000005,0.19681249999999997
6200,1.7521703124999994,0.33328125,0.47170312500000006,0.19501562500000005
6300,1.7590765625,0.33679687499999994,0.4692968750000001,0.19390625
6400,1.7602781250000001,0.33790625,0.46790624999999997,0.19418750000000004
6500,1.7602484375,0.340296875,0.46879687500000017,0.1909062499999999
6600,1.7605031250000005,0.33923437500000003,0.468375,0.19239062499999993
6700,1.7600015625000007,0.3389218750000001,0.4690625,0.19201562500000005
6800,1.7591390625000003,0.33678124999999987,0.46740624999999997,0.19581249999999997
6900,1.7584234374999999,0.3367343750000001,0.467671875,0.19559375
7000,1.7613125000000003,0.33682812500000014,0.46810937499999994,0.19506250000000006
7100,1.7637250000000002,0.33951562500000004,0.467625,0.192859375
7200,1.7598015624999999,0.3382812500000001,0.46906250000000005,0.19265624999999995
7300,1.7577875,0.33815625,0.46928125,0.19256249999999997
7400,1.7574062499999996,0.337859375,0.47150000000000014,0.19064062500000004
7500,1.7570406250000001,0.33754687500000014,0.471734375,0.19071874999999996
7600,1.7596125000000002,0.33792187500000004,0.46901562499999994,0.1930625
7700,1.7587265624999997,0.3366875,0.46887500000000026,0.19443749999999996
7800,1.7600328125000002,0.3368281249999999,0.464890625,0.19828125
7900,1.7629578124999996,0.33749999999999986,0.46003124999999995,0.20246875
8000,1.7680375000000002,0.3398124999999999,0.4548281249999998,0.20535937499999996
8100,1.772909375,0.34131249999999996,0.45275,0.20593750000000002
8200,1.78308125,0.34579687499999995,0.44715625000000014,0.207046875
8300,1.7818328124999996,0.346921875,0.449625,0.20345312500000012
8400,1.7778953124999997,0.34465625,0.455203125,0.2001406250000001
8500,1.7723031250000003,0.34353125000000007,0.45896875000000004,0.19749999999999995
8600,1.7743218750000005,0.34360937499999983,0.45881249999999996,0.19757812500000005
8700,1.7748078124999993,0.34374999999999994,0.4600468750000001,0.196203125
8800,1.7736031250000002,0.34379687500000006,0.4612187500000001,0.19498437500000002
8900,1.7684624999999996,0.3418750000000001,0.4640000000000001,0.19412500000000002
9000,1.7706656250000001,0.34284375,0.46164062499999997,0.19551562500000003
9100,1.7709734375000001,0.3430156250000001,0.46262500000000006,0.19435937499999997
9200,1.7671015624999997,0.34340625,0.46621875,0.19037499999999996
9300,1.7678625000000001,0.343921875,0.46535937499999996,0.19071875000000005
9400,1.7687796875,0.3450312499999999,0.4656562500000001,0.18931250000000002
9500,1.7729890624999998,0.34687500000000004,0.46156250000000004,0.1915625
9600,1.773646875,0.34659375000000003,0.4612968749999999,0.192109375
9700,1.773353125,0.347734375,0.46190625,0.19035937499999991
9800,1.7791218750000004,0.34979687499999995,0.4551406250000002,0.1950625
9900,1.7838671874999996,0.3513593749999999,0.44959374999999996,0.19904687499999998
10000,1.7851734374999997,0.3521875000000001,0.4496718749999999,0.198140625
10100,1.7858453125,0.35165625,0.45156250000000014,0.19678124999999994
10200,1.784303125,0.3522656250000002,0.4546406249999999,0.1930937500000001
10300,1.7785296875,0.3484999999999999,0.460140625,0.19135937500000005
10400,1.7730515625000003,0.34610937500000005,0.462875,0.19101562500000002
10500,1.7707562500000003,0.3467812500000001,0.46299999999999997,0.19021875000000005
10600,1.7724406250000004,0.34599999999999986,0.4595937499999999,0.19440625000000006
10700,1.779759375,0.34779687500000006,0.4526406250000001,0.19956250000000003
10800,1.7826046875000003,0.34839062499999995,0.44998437500000005,0.201625
10900,1.7820875,0.34850000000000003,0.45095312499999995,0.2005468750000001
11000,1.7826671875,0.34978125000000004,0.4509999999999999,0.19921875000000003
11100,1.7795984374999996,0.347953125,0.453375,0.19867187499999997
11200,1.774154687500001,0.34707812500000007,0.46023437500000003,0.1926874999999999
11300,1.771765625,0.3450468750000001,0.46037500000000003,0.194578125
11400,1.7685140625000002,0.34490625,0.46178125000000014,0.19331250000000008
11500,1.7682624999999996,0.3431406249999998,0.4608906250000001,0.19596874999999997
11600,1.7726812500000004,0.34564062500000003,0.46010937500000004,0.19424999999999995
11700,1.7762953125000005,0.34724999999999984,0.4557968749999999,0.19695312499999995
11800,1.7800625,0.34834374999999995,0.45395312500000007,0.197703125
11900,1.7825234375000005,0.349515625,0.4524687499999999,0.19801562500000003
12000,1.7833468749999999,0.34984375000000006,0.452640625,0.197515625
12100,1.7795390624999998,0.34864062500000004,0.4557656250000001,0.19559375000000004
12200,1.7775390624999998,0.3470937499999999,0.45670312499999993,0.19620312499999995
12300,1.7732890624999997,0.3462968749999999,0.4572656250000001,0.19643750000000001
12400,1.7720453125,0.34546875000000005,0.460140625,0.1943906250000001
12500,1.7718718749999998,0.3439843749999999,0.4588593749999998,0.1971562500000001
12600,1.7729343749999997,0.3445468749999999,0.459765625,0.19568750000000004
12700,1.7722703124999997,0.344140625,0.4600000000000001,0.195859375
12800,1.770725,0.3435000000000001,0.46214062500000014,0.19435937500000003
12900,1.7692859375,0.34217187499999996,0.4630781250000001,0.19474999999999998
13000,1.7702453125000006,0.3425624999999999,0.4627812500000001,0.1946562500000001
13100,1.7656515624999998,0.34078125,0.46365624999999994,0.19556250000000003
13200,1.7668328125,0.34184375,0.4631406249999999,0.195015625
13300,1.7645374999999999,0.34042187499999993,0.46593750000000017,0.193640625
13400,1.7629249999999996,0.34060937499999994,0.46698437499999995,0.19240625
13500,1.7626109374999994,0.34137500000000015,0.4677812500000001,0.19084375
13600,1.7606312500000005,0.3396875,0.46929687500000017,0.19101562500000002
13700,1.7591671875,0.339390625,0.47082812500000015,0.18978125000000007
13800,1.7608203125,0.3401875,0.47084375,0.18896875
13900,1.7650765625000004,0.341859375,0.4664062500000001,0.19173437499999996
14000,1.7682140625,0.342953125,0.4640625,0.19298437499999996
14100,1.7700312500000006,0.344640625,0.4629687500000001,0.19239062499999998
14200,1.772775,0.3450937499999999,0.4609687499999999,0.1939375
14300,1.7797953125000003,0.34871875,0.4553749999999999,0.19590625
14400,1.7833328125000003,0.3497499999999999,0.455453125,0.19479687499999995
14500,1.7844796875000004,0.35006249999999994,0.45425000000000004,0.19568749999999993
14600,1.7833125,0.349578125,0.455125,0.19529687499999998
14700,1.7841343749999998,0.349421875,0.4555312500000001,0.19504687499999998
14800,1.7819015625,0.3489218750000001,0.4556406250000001,0.1954375
14900,1.7827609375000004,0.34814062499999987,0.45210937500000004,0.19975
15000,1.7831453124999996,0.3476406249999999,0.45090624999999995,0.20145312500000004
15100,1.782040625,0.34845312500000003,0.4548124999999999,0.19673437500000004
15200,1.7805484374999994,0.34734374999999995,0.454625,0.19803125
15300,1.783010937500001,0.34775,0.452421875,0.19982812499999994
15400,1.785875,0.349640625,0.45178125000000025,0.19857812499999994
15500,1.78801875,0.35210937499999995,0.45065625,0.197234375
15600,1.7935203125000005,0.3542187499999999,0.44589062499999993,0.19989062500000002
15700,1.800578125,0.35696874999999995,0.44437499999999996,0.19865625
15800,1.804046875,0.357984375,0.441390625,0.20062499999999991
15900,1.8064578125000001,0.35892187500000006,0.4391718750000001,0.20190624999999998
16000,1.8049968750000005,0.35867187500000003,0.44057812499999993,0.20075000000000004
16100,1.8064343750000005,0.3600625,0.4432031250000001,0.19673437500000002
16200,1.8057234375,0.35907812499999997,0.44340625000000006,0.197515625
16300,1.8067328125,0.3602031249999999,0.44248437500000015,0.19731249999999995
16400,1.8101546875000007,0.36303124999999997,0.43937499999999985,0.19759374999999996
16500,1.8145453125,0.36301562500000006,0.436296875,0.20068750000000013
16600,1.8180296874999997,0.36657812499999987,0.43470312499999997,0.19871875
16700,1.8155031249999998,0.36646874999999995,0.438421875,0.19510937499999997
16800,1.8156968749999998,0.365078125,0.43668749999999995,0.19823437500000002
16900,1.8193265624999992,0.36689062499999997,0.4325625000000001,0.20054687500000004
17000,1.8243140625,0.3680156250000001,0.4305000000000001,0.20148437500000008
17100,1.8246609374999998,0.36815625,0.43168749999999995,0.20015624999999992
17200,1.8225640624999995,0.3684531250000001,0.4329843750000001,0.19856250000000003
17300,1.817503125,0.3667499999999999,0.4372187500000001,0.19603125000000005
17400,1.8142421874999999,0.365296875,0.4380781249999999,0.196625
17500,1.8094234374999996,0.363765625,0.4436875,0.19254687500000003
17600,1.8102124999999998,0.36518749999999994,0.4432343750000001,0.19157812500000002
17700,1.8104062500000007,0.3653125,0.4435312499999997,0.19115625000000003
17800,1.8054203125,0.36371875000000004,0.4469843749999998,0.18929687500000003
17900,1.8052656250000003,0.36303124999999997,0.4476093749999998,0.189359375
18000,1.8016015624999995,0.3605624999999999,0.4485,0.19093749999999993
18100,1.7969343750000002,0.357828125,0.4526875000000001,0.18948437499999998
18200,1.79615,0.35593749999999996,0.4530624999999999,0.19100000000000003
18300,1.7961500000000004,0.35621875,0.44975000000000026,0.19403125
18400,1.7928765625,0.35318749999999993,0.4502343749999999,0.19657812500000005
18500,1.7927125,0.35298437499999985,0.44996875000000003,0.19704687500000007
18600,1.7935656249999998,0.35439062499999996,0.44995312500000006,0.19565624999999998
18700,1.7941000000000003,0.35424999999999995,0.4506875,0.19506249999999997
18800,1.7917125,0.3538593750000001,0.4502812499999999,0.19585937500000006
18900,1.7913265624999994,0.3526093750000002,0.45146874999999986,0.19592187500000005
19000,1.7894531249999996,0.351578125,0.45268750000000013,0.19573437500000004
19100,1.7904593749999995,0.351359375,0.45090624999999995,0.19773437500000007
19200,1.7898609375,0.35151562500000005,0.4505156249999997,0.19796874999999997
19300,1.7940046875000002,0.35260937499999984,0.4447812499999998,0.20260937499999998
19400,1.7955796875000005,0.35368749999999993,0.446375,0.19993749999999996
19500,1.7947000000000002,0.3515156250000002,0.4461406250000001,0.20234375000000007
19600,1.793471875,0.35146875,0.4475,0.2010312500000001
19700,1.7915328124999998,0.3507343750000002,0.4507656250000001,0.19849999999999998
19800,1.7856968750000002,0.3499999999999999,0.4551250000000001,0.19487499999999996
19900,1.7818921875,0.3494375,0.455859375,0.194703125
20000,1.7810078124999995,0.34720312499999995,0.45465625,0.19814062500000001
20100,1.7816593750000005,0.34762500000000013,0.4549062499999999,0.19746875000000005
20200,1.7808734375,0.3485,0.45865625000000004,0.19284374999999998
20300,1.7792968749999998,0.3486718750000001,0.4593124999999998,0.19201562499999994
20400,1.7803609374999996,0.3503437499999999,0.4609999999999999,0.18865624999999994
20500,1.7856671874999994,0.35318750000000004,0.4576250000000001,0.18918750000000004
20600,1.7835546875000001,0.3515468749999999,0.45990625,0.18854687500000003
20700,1.7796312499999996,0.35065625000000006,0.461921875,0.18742187499999996
20800,1.7809812500000004,0.350328125,0.46057812500000006,0.18909374999999998
20900,1.7821281249999994,0.3514687500000001,0.4600312499999999,0.18849999999999995
21000,1.7804484374999998,0.3499375000000001,0.459921875,0.19014062500000004
21100,1.7815828125,0.3509062500000001,0.4581718749999999,0.19092187500000005
21200,1.7845546875,0.3509531249999999,0.45634375000000005,0.192703125
21300,1.7845250000000001,0.35070312500000006,0.45504687499999996,0.19425000000000003
21400,1.783656250000001,0.35021875,0.45671875,0.1930625
21500,1.7827734375000002,0.3506562499999999,0.45567187500000006,0.19367187499999997
21600,1.7815406250000003,0.3488593750000001,0.45818749999999997,0.19295312500000003
21700,1.7803781250000004,0.3482343750000001,0.45781249999999996,0.19395312499999992
21800,1.7816421875000001,0.34898437499999974,0.45610937500000004,0.19490624999999998
21900,1.7826093749999996,0.3512656250000001,0.4558281250000001,0.19290624999999997
22000,1.7850156249999993,0.35121875,0.45318749999999997,0.19559374999999998
22100,1.788046875,0.352859375,0.453,0.194140625
22200,1.7867999999999995,0.35189062499999996,0.45292187499999986,0.1951875000000001
22300,1.786425,0.35274999999999995,0.45525000000000015,0.19199999999999998
22400,1.7840609375,0.3512656249999999,0.45714062500000013,0.19159374999999992
22500,1.7834953125,0.3504999999999999,0.45540625,0.19409374999999995
22600,1.782684375,0.35079687500000006,0.4558906249999998,0.1933125
22700,1.7847812500000004,0.3502968749999998,0.4535625000000001,0.19614062500000004
22800,1.7884265625,0.35245312499999987,0.45289062500000016,0.19465625000000006
22900,1.7892953125000004,0.3548124999999998,0.4538281250000001,0.19135937499999991
23000,1.7903765625000003,0.35464062500000004,0.4536562500000001,0.1917031250000001
23100,1.7913390624999996,0.35585937499999987,0.452171875,0.19196875
23200,1.7938296875,0.3569531249999999,0.44745312500000006,0.19559374999999998
23300,1.7952328124999997,0.357609375,0.44725000000000004,0.19514062499999998
23400,1.7979000000000003,0.35837500000000005,0.44489062499999993,0.19673437500000007
23500,1.8003390624999993,0.35721875000000003,0.4421562500000001,0.20062499999999997
23600,1.800575,0.35729687499999996,0.44493749999999993,0.19776562499999994
23700,1.7994843749999998,0.35720312499999984,0.44373437499999996,0.19906250000000006
23800,1.801265625,0.35873437500000005,0.445140625,0.19612500000000005
23900,1.7994578124999998,0.35976562500000003,0.4481875,0.1920468750000001
24000,1.8020593750000002,0.35953125000000014,0.4455781250000002,0.19489062500000007
24100,1.7959312500000004,0.3563437500000002,0.44926562499999995,0.19439062500000004
24200,1.7951421875000002,0.356734375,0.4487187500000001,0.19454687499999998
24300,1.7964125000000002,0.3570625,0.4468593750000001,0.19607812500000005
24400,1.7964843750000001,0.3568906250000001,0.44696874999999986,0.19614062499999999
24500,1.7952515625000007,0.354421875,0.44568749999999985,0.1998906249999999
24600,1.7943765624999997,0.35400000000000004,0.44715624999999987,0.19884374999999999
24700,1.7951437500000003,0.35470312500000006,0.4465156250000001,0.19878125
24800,1.7912031249999998,0.35289062500000007,0.44939062499999993,0.19771875000000005
24900,1.7844640624999997,0.350265625,0.4546249999999999,0.195109375
25000,1.7812109375000005,0.3493906250000001,0.4580624999999999,0.192546875
25100,1.7818640625000006,0.3507187500000001,0.4576406250000001,0.191640625
25200,1.7793468749999999,0.35050000000000003,0.4600156250000001,0.1894843750000001
25300,1.7788015625,0.349515625,0.460203125,0.19028125000000004
25400,1.7772390625000007,0.348640625,0.459,0.19235937500000005
25500,1.7775734375,0.350125,0.460484375,0.18939062499999995
25600,1.7793953125,0.35035937499999986,0.4580625,0.19157812499999996
25700,1.7844234375000008,0.35165625000000006,0.45309375,0.19525000000000006
25800,1.7873171875,0.35134375000000007,0.45071874999999995,0.1979375
25900,1.7880328124999998,0.350203125,0.45035937500000006,0.19943750000000002
26000,1.7852578124999998,0.3496562500000001,0.4513124999999999,0.19903125000000002
26100,1.7861999999999993,0.3495781250000002,0.45145312500000007,0.19896874999999997
26200,1.7868328125000006,0.3505625,0.4513749999999999,0.1980625
26300,1.7866562499999998,0.35146875000000005,0.45332812499999997,0.1952031250000001
26400,1.7856859375,0.35009375000000015,0.453796875,0.196109375
26500,1.7860578125000006,0.35015625000000006,0.45146875000000003,0.19837499999999997
26600,1.7884234374999997,0.34978125,0.45115625,0.19906249999999998
26700,1.7870484375000004,0.3491093750000001,0.45259374999999996,0.198296875
26800,1.7826750000000002,0.34906249999999994,0.4556093750000001,0.19532812499999994
26900,1.7784984374999997,0.347921875,0.4598906249999999,0.1921875
27000,1.7821031250000003,0.350265625,0.45573437499999997,0.19399999999999992
27100,1.7878687500000001,0.35278125000000005,0.4504531250000001,0.19676562499999997
27200,1.7865421874999998,0.351109375,0.4521875,0.19670312499999998
27300,1.7894953125,0.3528281249999999,0.4499062499999999,0.19726562500000008
27400,1.7863093749999999,0.35129687500000006,0.45190625,0.196796875
27500,1.7841578125000006,0.3505625000000001,0.4513593749999999,0.19807812500000005
27600,1.7851249999999994,0.35134375,0.45004687500000007,0.19860937499999995
27700,1.7845515624999992,0.35196875000000005,0.4528124999999999,0.19521875000000005
27800,1.7874578124999998,0.354171875,0.45170312499999987,0.19412499999999996
27900,1.7898578124999998,0.35632812499999994,0.4496562499999999,0.194015625
28000,1.7909281249999995,0.3549374999999999,0.4506249999999999,0.19443749999999999
28100,1.791,0.3525000000000001,0.45026562500000006,0.19723437500000002
28200,1.7869499999999998,0.3530781249999999,0.4535937499999999,0.193328125
28300,1.7858468750000005,0.35432812500000005,0.4558906250000001,0.18978125
28400,1.7829203125000002,0.352046875,0.45775,0.190203125
28500,1.7773328125,0.349015625,0.4610312499999998,0.18995312500000003
28600,1.7732421875000002,0.34876562499999986,0.4637343749999999,0.18749999999999997
28700,1.7722562499999999,0.347140625,0.46479687499999994,0.18806250000000005
28800,1.7707796874999995,0.34746875000000005,0.46726562499999996,0.18526562500000002
28900,1.7733312499999998,0.34975,0.46495312499999997,0.185296875
29000,1.7716171874999993,0.3471562499999999,0.46576562499999985,0.18707812499999996
29100,1.7721687499999998,0.34810937499999994,0.463875,0.18801562500000002
29200,1.775690625000001,0.3496093749999999,0.4594218749999999,0.19096875
29300,1.7793390625000005,0.3515625000000001,0.45843750000000005,0.19000000000000003
29400,1.7783015624999998,0.3506406250000001,0.4574531249999999,0.19190624999999994
29500,1.7805109375000001,0.3513125000000001,0.4566093750000001,0.19207812500000002
29600,1.782428125,0.35256250000000006,0.45460937500000015,0.19282812500000002
29700,1.7856671874999999,0.35315625,0.45109375,0.19575
29800,1.787934375,0.3523281249999999,0.4524999999999999,0.1951718749999999
29900,1.7921156250000003,0.3546562500000001,0.450609375,0.19473437500000002
30000,1.7931937500000001,0.35354687499999987,0.44873437499999996,0.19771875000000003
30100,1.7950796875000008,0.357703125,0.449890625,0.19240625
30200,1.7958499999999997,0.35812500000000014,0.45151562500000014,0.190359375
30300,1.7960624999999997,0.358515625,0.4499375000000002,0.19154687500000003
30400,1.8004859375000006,0.36057812500000014,0.4466718750000001,0.19274999999999998
30500,1.8020812500000003,0.3620156249999999,0.44467187500000005,0.1933125
30600,1.8029281250000004,0.3629375,0.44576562500000005,0.19129687500000003
30700,1.8005375000000008,0.35993750000000013,0.44537499999999997,0.19468749999999996
30800,1.7966687499999998,0.355484375,0.44487499999999996,0.19964062500000002
30900,1.793565625,0.354421875,0.44534375,0.20023437500000005
31000,1.7970593750000001,0.355046875,0.4429062500000001,0.20204687499999996
31100,1.7959468750000005,0.35501562499999995,0.44329687500000015,0.20168750000000008
31200,1.7922765625,0.35382812500000005,0.44556250000000003,0.20060937500000006
31300,1.7929890625000005,0.3546406249999999,0.44648437499999993,0.1988750000000001
31400,1.7887515624999994,0.3529843750000001,0.4513750000000001,0.19564062500000007
31500,1.7889046875000003,0.353578125,0.45170312499999987,0.19471875
31600,1.7879500000000002,0.35446875000000005,0.4518125,0.19371875
31700,1.7887875,0.35275,0.4497031249999999,0.19754687499999996
31800,1.7864203125000004,0.35128125,0.450515625,0.19820312499999995
31900,1.7884203124999998,0.351015625,0.4483593750000001,0.20062500000000005
32000,1.7877640625000006,0.35251562499999994,0.4501875,0.197296875
32100,1.7829499999999996,0.35089062499999996,0.45359374999999996,0.19551562499999997
32200,1.7813812499999997,0.35001562500000005,0.45689062500000005,0.19309375000000006
32300,1.7781906249999988,0.348640625,0.4574062499999999,0.19395312500000006
32400,1.7765906250000008,0.3493281249999999,0.4607656250000001,0.18990625
32500,1.7744031249999994,0.3480937499999999,0.46303124999999995,0.188875
32600,1.7718515625000002,0.34640625,0.463578125,0.19001562499999997
32700,1.7723671875000002,0.34478124999999993,0.460078125,0.19514062500000004
32800,1.7708078124999997,0.3441718750000002,0.4628906250000001,0.19293749999999996
32900,1.776840625,0.34981249999999997,0.45959375,0.19059375
33000,1.7786031249999998,0.3485625,0.4581718750000002,0.19326562500000005
33100,1.7798218749999999,0.34946875000000016,0.45585937500000007,0.19467187499999988
33200,1.7819609374999998,0.350140625,0.45512500000000006,0.19473437500000002
33300,1.7879250000000002,0.351390625,0.44871875000000017,0.19989062500000002
33400,1.7909906250000003,0.3531093749999999,0.44640624999999995,0.20048437499999996
33500,1.7935062499999999,0.3535312499999999,0.4460937499999999,0.20037499999999994
33600,1.7971499999999996,0.35618750000000005,0.445796875,0.19801562500000008
33700,1.8033015625,0.35834375,0.4422343749999999,0.19942187500000005
33800,1.8028921875,0.3587500000000001,0.44218750000000007,0.19906249999999995
33900,1.8057296875000002,0.3597031250000001,0.43996875000000013,0.20032812500000002
34000,1.807134375,0.36071875000000003,0.4389062500000001,0.20037500000000005
34100,1.8066562499999994,0.36004687500000004,0.439265625,0.20068750000000007
34200,1.8030781250000003,0.359640625,0.4435156249999999,0.19684374999999998
34300,1.8047765624999998,0.35945312500000015,0.44250000000000006,0.198046875
34400,1.8020031250000004,0.35909375,0.44546874999999997,0.19543750000000004
34500,1.7974562500000002,0.35654687499999993,0.447046875,0.19640624999999995
34600,1.7971281249999995,0.35606249999999995,0.4467968749999998,0.19714062499999996
34700,1.7969265624999997,0.3561249999999999,0.4488749999999999,0.19499999999999995
34800,1.7943671875000005,0.3541874999999999,0.44953125000000005,0.19628125000000005
34900,1.7942562499999999,0.353734375,0.4484843750000001,0.19778125
35000,1.7932609374999997,0.35178125,0.446921875,0.20129687499999996
35100,1.7944734375000002,0.35274999999999995,0.448984375,0.19826562499999995
35200,1.7951343749999997,0.35335937500000014,0.445484375,0.20115625000000006
35300,1.7955312500000002,0.35442187500000016,0.44657812499999994,0.1989999999999999
35400,1.8023765625,0.356484375,0.44190625000000006,0.20160937500000004
35500,1.8037531249999998,0.356578125,0.4397031250000001,0.20371875
35600,1.8051640624999996,0.35745312499999987,0.4380937499999999,0.20445312500000004
35700,1.8031609374999995,0.35746875,0.43978125,0.20275
35800,1.8023765625000003,0.357546875,0.44312500000000005,0.19932812499999994
35900,1.7997968750000009,0.35746875000000006,0.4442968749999999,0.19823437499999993
36000,1.7967328124999997,0.35604687499999993,0.446578125,0.19737500000000002
36100,1.7949390624999995,0.3549375,0.45020312499999987,0.194859375
36200,1.7931453124999996,0.35453124999999996,0.44967187500000005,0.19579687500000004
36300,1.7946078125000005,0.3571406250000001,0.45006250000000003,0.19279687499999998
36400,1.7941531249999993,0.3564375,0.44942187499999986,0.19414062500000004
36500,1.7950046875000003,0.35792187499999994,0.4500937500000001,0.19198437499999993
36600,1.7964734375,0.3566562500000001,0.4465625,0.19678124999999994
36700,1.7968593749999995,0.35506249999999995,0.4447812500000001,0.20015625
36800,1.7933546875000004,0.353125,0.44642187499999997,0.20045312499999995
36900,1.7935640625000002,0.35334375,0.44867187499999994,0.1979843749999999
37000,1.7881734374999996,0.35087499999999994,0.452546875,0.19657812500000008
37100,1.7817546875,0.35103125,0.46093749999999983,0.18803125
37200,1.7790515624999999,0.349390625,0.461984375,0.18862500000000001
37300,1.7801437499999995,0.3514843749999999,0.46062500000000006,0.18789062499999998
37400,1.7800640625000013,0.35096875,0.4600468749999998,0.188984375
37500,1.7800203125000003,0.350625,0.45964062500000014,0.189734375
37600,1.7825640624999997,0.3516718749999999,0.4582187499999999,0.190109375
37700,1.7811953125,0.34982812500000005,0.4579843750000001,0.19218749999999998
37800,1.7795125000000003,0.34834374999999984,0.455625,0.19603125000000002
37900,1.7795984374999998,0.34915625000000006,0.45807812500000006,0.192765625
38000,1.7755500000000002,0.346625,0.45824999999999994,0.19512500000000002
38100,1.7769796875,0.34590624999999997,0.45546875000000003,0.19862500000000002
38200,1.7818937499999996,0.3476874999999999,0.4517656250000001,0.200546875
38300,1.7859000000000003,0.351078125,0.45057812499999994,0.19834374999999999
38400,1.7884437500000003,0.352984375,0.4515781250000001,0.19543750000000001
38500,1.78911875,0.35374999999999995,0.45110937499999987,0.19514062499999998
38600,1.7886765624999998,0.35428125,0.4532499999999999,0.19246875000000002
38700,1.7897906249999997,0.3544531249999999,0.45284375000000004,0.19270312499999998
38800,1.7952687499999997,0.35709375000000004,0.45059374999999996,0.19231249999999997
38900,1.798545312500001,0.36040625,0.4523906249999998,0.18720312500000003
39000,1.8010531249999993,0.36121875000000003,0.44676562499999994,0.19201562500000002
39100,1.8028578124999994,0.36051562500000006,0.44699999999999995,0.192484375
39200,1.8018703125000008,0.3619687499999999,0.44679687500000015,0.19123437500000007
39300,1.8024421875000003,0.36184375000000013,0.44656250000000003,0.19159375000000006
39400,1.8018703125000002,0.36157812500000003,0.4478125,0.190609375
39500,1.8033687499999997,0.3632812499999999,0.44879687499999993,0.18792187500000004
39600,1.7999234374999997,0.36187499999999995,0.45228125,0.18584374999999992
39700,1.7956656249999998,0.35787499999999994,0.45173437500000013,0.19039062499999998
39800,1.79515,0.35889062500000013,0.4507031250000001,0.19040625000000008
39900,1.7961531249999998,0.35879687499999996,0.4468437499999999,0.19435937499999997
40000,1.7983828124999997,0.35949999999999993,0.4460781249999999,0.194421875
40100,1.8025703125000003,0.36039062499999996,0.4435468749999999,0.1960625
40200,1.8054187499999996,0.360890625,0.4421718749999998,0.19693750000000002
40300,1.807628125,0.3636250000000001,0.4415,0.19487500000000005
40400,1.8079312499999995,0.3633125000000001,0.442328125,0.19435937499999997
40500,1.8053,0.3620625,0.4457656249999999,0.192171875
40600,1.8042921875,0.36240625000000004,0.4466249999999999,0.19096874999999996
40700,1.8015390624999996,0.36028125,0.4464218750000001,0.193296875
40800,1.7975999999999996,0.35903125,0.44960937500000003,0.191359375
40900,1.7970390625,0.3583125,0.4522812499999999,0.18940624999999997
41000,1.7950359375,0.358,0.45059375,0.19140625000000003
41100,1.7927968750000003,0.3552031250000001,0.45292187499999986,0.19187499999999993
41200,1.7895874999999997,0.3550000000000001,0.454078125,0.19092187500000005
41300,1.785146875,0.35173437500000004,0.45659375,0.19167187500000002
41400,1.7852875000000001,0.352328125,0.45635937499999985,0.19131249999999997
41500,1.7816187499999996,0.34929687500000006,0.45867187499999995,0.19203125000000004
41600,1.7801156249999999,0.3496562499999999,0.4589531249999999,0.1913906249999999
41700,1.7770781249999996,0.34957812499999996,0.4629375,0.18748437500000004
41800,1.7785062500000002,0.349484375,0.4613593749999999,0.18915624999999991
41900,1.7780328124999996,0.3496874999999999,0.46148437500000006,0.18882812500000004
42000,1.7809859375,0.35103124999999996,0.459015625,0.18995312499999994
42100,1.7848734375000002,0.35071875,0.45426562499999995,0.19501562500000005
42200,1.7848531250000006,0.3499218750000001,0.45381250000000006,0.19626562500000003
42300,1.78405625,0.34903124999999996,0.45451562500000003,0.19645312500000003
42400,1.7825968749999999,0.35029687499999995,0.45659374999999985,0.19310937499999992
42500,1.7842421874999996,0.34946875,0.4549218749999998,0.19560937499999997
42600,1.7860703124999995,0.35070312499999995,0.45170312499999987,0.19759374999999998
42700,1.7893124999999994,0.35148437500000007,0.44789062499999993,0.20062499999999997
42800,1.7907812500000004,0.35278125,0.44659375,0.200625
42900,1.7938124999999996,0.35420312499999995,0.4455156250000001,0.20028125000000005
43000,1.8002562499999986,0.3564531250000001,0.44210937499999997,0.20143750000000002
43100,1.8045140624999996,0.3605937499999999,0.4417343750000001,0.19767187500000002
43200,1.8078609374999997,0.3601249999999999,0.43885937500000005,0.20101562499999998
43300,1.8081781250000004,0.36037499999999983,0.44015624999999997,0.19946875000000003
43400,1.8113515624999992,0.3628437500000001,0.43753125,0.19962500000000005
43500,1.8126671875,0.3649375000000001,0.4378906250000001,0.19717187499999997
43600,1.8195250000000003,0.3676875000000001,0.43390625000000005,0.19840624999999992
43700,1.8212046875000003,0.36778125000000006,0.43284374999999997,0.199375
43800,1.8199437500000002,0.3684687499999999,0.43471875,0.19681249999999997
43900,1.8161781250000002,0.36645312499999994,0.439625,0.193921875
44000,1.8122062499999994,0.3644687500000002,0.442171875,0.19335937500000006
44100,1.8096296875,0.366203125,0.44521875000000005,0.188578125
44200,1.8086171875000001,0.3648281250000001,0.44359375,0.191578125
44300,1.8103812499999996,0.36496874999999995,0.4397812499999999,0.19525
44400,1.8123062500000007,0.36540625000000004,0.43724999999999997,0.1973437499999999
44500,1.812693749999999,0.3652656249999999,0.4369062500000003,0.197828125
44600,1.810912500000001,0.362046875,0.4376093750000001,0.20034375000000004
44700,1.8109250000000008,0.3629375,0.4377031249999999,0.19935937500000003
44800,1.8096828124999995,0.36239062499999997,0.43817187499999993,0.19943750000000002
44900,1.8129359375000005,0.36565624999999996,0.4369687499999999,0.19737500000000008
45000,1.8124656250000002,0.36656250000000007,0.4404531249999999,0.19298437500000004
45100,1.8138281249999995,0.3673281249999999,0.44178125000000007,0.19089062500000006
45200,1.8153609374999997,0.3704375000000001,0.4417499999999999,0.1878125
45300,1.8144078124999996,0.36907812500000003,0.4411718749999999,0.18974999999999997
45400,1.8107281249999998,0.36571875,0.44178125000000007,0.19250000000000006
45500,1.8121531249999998,0.36601562500000007,0.43920312499999997,0.19478125000000002
45600,1.8168234375000003,0.36803125000000003,0.43754687500000006,0.19442187499999997
45700,1.8163499999999997,0.3685624999999999,0.43943749999999987,0.19200000000000003
45800,1.8187921874999995,0.36926562500000004,0.43600000000000005,0.19473437500000004
45900,1.8181515624999998,0.36964062499999994,0.4372500000000001,0.19310937499999997
46000,1.8195125,0.37056250000000013,0.4371406250000001,0.19229687499999995
46100,1.8212953125000004,0.3724843750000001,0.4345000000000001,0.19301562500000002
46200,1.8272406250000002,0.37367187500000004,0.43118749999999983,0.19514062500000004
46300,1.8307750000000003,0.3748281249999998,0.42810937499999996,0.19706249999999992
46400,1.8356437499999998,0.37745312499999994,0.42320312500000007,0.19934374999999996
46500,1.8388234375000003,0.37774999999999975,0.4220937499999998,0.20015624999999995
46600,1.8389781250000004,0.37884375,0.4233906250000001,0.19776562499999997
46700,1.84064375,0.378609375,0.42232812500000005,0.19906249999999998
46800,1.8403343749999996,0.3770156249999999,0.4220000000000001,0.20098437500000008
46900,1.8402124999999996,0.3764843750000001,0.42143749999999996,0.202078125
47000,1.8408015624999998,0.37657812500000004,0.42225,0.20117187499999992
47100,1.8345218750000003,0.37614062500000006,0.4288125000000001,0.19504687499999998
47200,1.8260109375000002,0.37250000000000005,0.4372031250000001,0.19029687500000003
47300,1.8244859375000002,0.372859375,0.43704687500000006,0.19009375
47400,1.8285343750000003,0.37439062500000003,0.4330312499999999,0.19257812499999996
47500,1.8277125000000003,0.37417187500000004,0.43301562499999985,0.19281249999999997
47600,1.8243062500000007,0.3728437500000001,0.43596875,0.1911875
47700,1.8192703125000005,0.370265625,0.43834375000000003,0.191390625
47800,1.8162953125,0.36878125000000006,0.4422500000000001,0.18896875000000002
47900,1.8107906250000003,0.3656562499999998,0.44576562499999994,0.18857812499999996
48000,1.8048140625000006,0.36123437499999994,0.44696874999999997,0.19179687500000003
48100,1.8024265625000002,0.3597031250000002,0.44698437500000004,0.19331250000000005
48200,1.8000406250000005,0.357359375,0.44626562499999994,0.196375
48300,1.7994484374999997,0.357546875,0.4474531249999999,0.195
48400,1.7995750000000001,0.3579843749999999,0.44684375,0.195171875
48500,1.8057218749999995,0.36103124999999997,0.441859375,0.19710937499999995
48600,1.8073484375000002,0.3618281249999999,0.4429531250000001,0.19521875000000002
48700,1.8065671874999991,0.36359375000000016,0.4442499999999999,0.19215625000000008
48800,1.8084593750000004,0.364265625,0.44232812499999996,0.19340625
48900,1.8124750000000005,0.36496874999999995,0.43693750000000003,0.19809374999999996
49000,1.8129921875000006,0.364796875,0.434265625,0.20093750000000002
49100,1.8113140625000002,0.3642968750000001,0.43624999999999997,0.19945312500000004
49200,1.8140968749999993,0.365890625,0.43509374999999995,0.19901562499999997
49300,1.8160578124999995,0.3681250000000001,0.4365624999999999,0.1953125
49400,1.8161515625,0.36984374999999997,0.44060937500000014,0.18954687499999998
49500,1.8152390625000003,0.3708749999999999,0.44095312499999995,0.18817187500000004
49600,1.8132671875000004,0.3691249999999999,0.4424375,0.1884375
49700,1.8139312500000004,0.36945312499999994,0.44078125,0.18976562499999997
49800,1.8173562499999996,0.3708750000000001,0.44312500000000005,0.18599999999999997
49900,1.8161687499999997,0.37148437500000003,0.444453125,0.1840625
50000,1.810971875,0.36884375,0.446109375,0.18504687499999994
50100,1.806821875,0.3654375000000001,0.44656250000000003,0.188
50200,1.8023578125000002,0.3626406249999999,0.44903125000000005,0.188328125
50300,1.8066859375,0.3638124999999999,0.44240625000000006,0.19378125000000007
50400,1.8172718749999996,0.3683437499999999,0.43604687500000006,0.19560937499999997
50500,1.8227859374999995,0.371359375,0.4334375,0.195203125
50600,1.8297999999999999,0.37303124999999987,0.4286875000000001,0.19828125000000002
50700,1.8362125000000005,0.37668749999999995,0.42540625,0.19790624999999995
50800,1.832740625,0.37470312499999997,0.4287031250000001,0.19659375
50900,1.8285171875000006,0.37289062500000014,0.4300625,0.19704687499999998
51000,1.8264468749999998,0.3715156249999999,0.43153125,0.19695312500000003
51100,1.8301812499999999,0.37148437500000026,0.4267968750000001,0.20171875
51200,1.8316859375000003,0.37434375000000003,0.42982812499999995,0.195828125
51300,1.8313515625000008,0.37407812500000015,0.42924999999999996,0.19667187499999997
51400,1.8277828125,0.37323437499999995,0.4321718750000002,0.19459374999999995
51500,1.823040625,0.37132812499999995,0.436828125,0.19184374999999995
51600,1.8181749999999997,0.36862500000000004,0.4380468749999999,0.19332812500000002
51700,1.8136015625000004,0.36598437500000003,0.44045312499999995,0.19356250000000003
51800,1.8114859375,0.36517187500000003,0.43768750000000006,0.19714062499999993
51900,1.81074375,0.3648593749999999,0.44134375,0.19379687500000006
52000,1.8112296875000002,0.3650781250000001,0.4432968750000003,0.191625
52100,1.8092687500000002,0.36526562499999987,0.4438749999999999,0.19085937500000003
52200,1.8076140625000001,0.36387500000000006,0.44396875,0.19215625000000003
52300,1.8113984375000005,0.36429687499999996,0.4405625,0.195140625
52400,1.8184468750000002,0.36801562499999996,0.4372656249999999,0.19471875000000008
52500,1.82115625,0.3703906249999999,0.435234375,0.19437499999999996
52600,1.8228890625000003,0.37071875,0.4318749999999999,0.19740625000000003
52700,1.8223109375,0.3706562500000001,0.42989062499999986,0.19945312500000004
