step,mean_aspect_ratio,fraction_elongated,fraction_round,fraction_binary
100,1.0,0.0,1.0,0.0
200,1.0225656250000004,0.0009687500000000003,0.9316406249999999,0.067390625
300,1.0150734375000003,0.0009218750000000004,0.9488750000000006,0.050203124999999994
400,1.0117234374999997,0.0006562500000000003,0.9554687500000003,0.04387499999999997
500,1.0092984374999998,0.0005781250000000003,0.9612968750000002,0.03812499999999999
600,1.0083093749999998,0.00043750000000000006,0.9639531250000003,0.035609375
700,1.0079125,0.00028125000000000003,0.9655625000000002,0.03415625
800,1.0074093750000002,0.00018750000000000006,0.9662031249999999,0.03360937499999998
900,1.0070703125000002,0.00014062500000000002,0.965625,0.034234375
1000,1.0063421875,0.000109375,0.9680312500000001,0.03185937499999998
1100,1.0063609375000004,0.000109375,0.9678593750000003,0.03203124999999999
1200,1.0060515625000002,0.000109375,0.9677812500000003,0.032109374999999996
1300,1.0062906249999999,0.000109375,0.9685781249999997,0.03131249999999999
1400,1.00621875,0.000125,0.9691562499999998,0.03071875
1500,1.0059859375,0.000109375,0.9685937499999997,0.031296874999999995
1600,1.00615625,9.375e-05,0.9682343750000001,0.031671874999999995
1700,1.0058250000000004,4.6875e-05,0.9689374999999999,0.03101562499999999
1800,1.0059515625,4.6875e-05,0.9689843749999996,0.03096874999999999
1900,1.0058218749999996,4.6875e-05,0.9703281250000002,0.029625
2000,1.0059874999999998,7.8125e-05,0.9691874999999995,0.030734374999999994
2100,1.005590625,6.25e-05,0.96984375,0.03009374999999999
2200,1.0057296874999997,3.125e-05,0.9701093749999998,0.029859374999999997
2300,1.0055375,1.5625e-05,0.9707656250000001,0.029218749999999984
2400,1.0055828125000001,1.5625e-05,0.9698906249999998,0.030093749999999996
2500,1.005634375,3.125e-05,0.970296875,0.02967187499999998
2600,1.0057046875,1.5625e-05,0.9702968749999996,0.029687499999999995
2700,1.0054531249999996,1.5625e-05,0.97071875,0.029265625000000003
2800,1.0055796875,3.125e-05,0.9703437499999998,0.02962499999999999
2900,1.0054437499999997,1.5625e-05,0.97159375,0.028390625000000003
3000,1.0055828125,1.5625e-05,0.9708906249999997,0.029093749999999998
3100,1.0057171875,0.0,0.97065625,0.02934375
3200,1.0059375000000002,0.0,0.9703437500000002,0.029656249999999995
3300,1.0056312499999998,0.0,0.9715781249999997,0.028421874999999996
3400,1.005784375,1.5625e-05,0.9704218749999995,0.029562499999999995
3500,1.00536875,1.5625e-05,0.9719999999999994,0.027984374999999992
3600,1.0055046874999998,0.0,0.9710937499999996,0.02890624999999999
3700,1.0056109375000004,0.0,0.9706718749999999,0.02932812499999999
3800,1.0056562500000001,0.0,0.9715156250000002,0.028484374999999992
3900,1.0057718750000002,0.0,0.9708281250000003,0.029171874999999996
4000,1.0056921875,0.0,0.9707499999999994,0.029249999999999995
4100,1.0054281249999997,0.0,0.9713906250000002,0.028609374999999996
4200,1.0055890625000004,0.0,0.97196875,0.028031249999999994
4300,1.0058203124999996,0.0,0.970296875,0.029703125000000004
4400,1.0055953125000001,0.0,0.971140625,0.028859374999999996
4500,1.0056296874999997,0.0,0.9707968749999999,0.02920312499999999
4600,1.0055640625,0.0,0.9721875,0.027812499999999997
4700,1.0052343750000001,0.0,0.9735781249999995,0.026421874999999994
4800,1.0054421875,0.0,0.972953125,0.02704687499999999
4900,1.0052671875,0.0,0.9733437499999994,0.026656249999999992
5000,1.0052796874999999,0.0,0.97253125,0.02746875
5100,1.0055031250000002,0.0,0.972203125,0.027796875
5200,1.0053718750000002,0.0,0.9725625,0.02743749999999999
5300,1.0054578125,0.0,0.9719999999999998,0.028
5400,1.0054921875,1.5625e-05,0.97290625,0.027078124999999998
5500,1.005525,1.5625e-05,0.972765625,0.027218749999999996
5600,1.00540625,0.0,0.9731093749999999,0.02689062499999999
5700,1.0054250000000005,0.0,0.9732656249999997,0.026734374999999998
5800,1.0053906250000002,1.5625e-05,0.9727812500000002,0.02720312499999999
5900,1.005328125,3.125e-05,0.9735781249999998,0.026390624999999994
6000,1.0053671875000003,1.5625e-05,0.9732500000000001,0.026734374999999994
6100,1.0053890625000004,1.5625e-05,0.97340625,0.026578125000000005
6200,1.0054359375000002,0.0,0.9737187500000001,0.02628125
6300,1.0054046874999996,0.0,0.9734843749999997,0.026515624999999994
6400,1.0052671875,0.0,0.973296875,0.02670312499999999
6500,1.0050281250000004,0.0,0.974078125,0.025921875
6600,1.0051984375000005,4.6875e-05,0.9736249999999999,0.026328124999999997
6700,1.005284375,3.125e-05,0.97325,0.026718749999999996
6800,1.0052546874999997,1.5625e-05,0.9736093749999998,0.026374999999999992
6900,1.00498125,1.5625e-05,0.9744062500000001,0.025578124999999997
7000,1.00525625,3.125e-05,0.9740781249999997,0.025890624999999994
7100,1.0050249999999998,0.0,0.9742343749999999,0.025765624999999997
7200,1.004928125,0.0,0.9751406249999997,0.024859375000000003
7300,1.0052906249999998,3.125e-05,0.9737656249999997,0.026203124999999994
7400,1.0051234375000002,4.6875e-05,0.9743437500000001,0.025609374999999993
7500,1.0049453125,1.5625e-05,0.9749843749999997,0.024999999999999988
7600,1.0048593749999999,1.5625e-05,0.9751562499999995,0.024828125000000003
7700,1.0051999999999999,4.6875e-05,0.9741249999999999,0.025828124999999997
7800,1.0052390624999998,4.6875e-05,0.9739687499999997,0.025984375000000004
7900,1.0053390625,3.125e-05,0.9745312499999998,0.02543749999999999
8000,1.0055140625,3.125e-05,0.973734375,0.026234374999999997
8100,1.005346875,3.125e-05,0.9738437500000001,0.026124999999999992
8200,1.0054140624999997,0.0,0.9741249999999997,0.025874999999999995
8300,1.0050046875000003,3.125e-05,0.9749531249999999,0.025015625
8400,1.0051499999999998,4.6875e-05,0.9744062499999999,0.025546874999999993
8500,1.00529375,3.125e-05,0.9742968749999998,0.02567187499999999
8600,1.0051312499999998,0.0,0.9749062499999996,0.02509374999999999
8700,1.0051046875000003,3.125e-05,0.9756406250000002,0.024328124999999996
8800,1.0052140625,0.0,0.975125,0.024874999999999994
8900,1.0052031250000002,4.6875e-05,0.9746874999999999,0.025265624999999996
9000,1.0050281250000002,1.5625e-05,0.975015625,0.024968749999999998
9100,1.005275,7.8125e-05,0.9740937499999998,0.025828124999999997
9200,1.005171875,3.125e-05,0.9740312499999999,0.025937499999999995
9300,1.0049062500000003,1.5625e-05,0.9751249999999998,0.024859375
9400,1.0048968750000002,1.5625e-05,0.9750312499999997,0.024953124999999982
9500,1.0050921875000003,3.125e-05,0.9748593749999998,0.025109375
9600,1.0049515625,3.125e-05,0.9750312499999997,0.024937499999999998
9700,1.0049578124999996,1.5625e-05,0.9748749999999997,0.025109374999999996
9800,1.0051328124999996,0.0,0.9745468749999998,0.025453124999999993
9900,1.004978125,0.0,0.9743125,0.025687499999999988
10000,1.0047765625000002,0.0,0.9755468749999996,0.024453124999999996
10100,1.0050109374999998,3.125e-05,0.9745937500000001,0.025374999999999995
10200,1.0050359375,4.6875e-05,0.9751874999999998,0.024765625000000003
10300,1.0052718750000003,6.25e-05,0.973984375,0.025953125
10400,1.0051031249999998,4.6875e-05,0.9750312499999997,0.024921874999999996
10500,1.0056687500000001,6.25e-05,0.97384375,0.026093749999999995
10600,1.0052562499999995,6.25e-05,0.9750625,0.02487499999999999
10700,1.0051859375,4.6875e-05,0.9755937499999999,0.024359375000000006
10800,1.00520625,4.6875e-05,0.9752968749999998,0.024656250000000005
10900,1.0053484375000001,0.00015625000000000003,0.9744531249999999,0.025390625
11000,1.0053625,0.000109375,0.9752812500000001,0.024609375000000006
11100,1.0053234374999998,7.8125e-05,0.9749843749999999,0.024937499999999998
11200,1.0054999999999998,7.8125e-05,0.9740624999999996,0.025859374999999993
11300,1.0053031249999997,0.00015625000000000003,0.9752187499999998,0.024624999999999994
11400,1.00526875,9.375e-05,0.9749843749999999,0.024921874999999996
11500,1.0056296875000001,9.375e-05,0.9740624999999996,0.025843750000000002
11600,1.0054468749999999,9.375e-05,0.9748437499999997,0.025062499999999998
11700,1.0051437500000002,0.000125,0.9745468749999996,0.025328124999999996
11800,1.0049968749999998,7.8125e-05,0.9762812499999997,0.02364062499999999
11900,1.0051578125,0.000125,0.9753906249999997,0.024484375
12000,1.0053812500000001,7.8125e-05,0.9752499999999996,0.024671874999999996
12100,1.0052062499999996,4.6875e-05,0.9759218749999998,0.02403125
12200,1.00521875,9.375e-05,0.9759218749999996,0.023984375000000002
12300,1.0053203125,4.6875e-05,0.9752968749999998,0.02465624999999999
12400,1.0050843750000003,4.6875e-05,0.9759062499999996,0.024046874999999995
12500,1.0048984375,4.6875e-05,0.9767656249999999,0.023187500000000003
12600,1.005259375,6.25e-05,0.9751874999999998,0.024749999999999998
12700,1.00503125,6.25e-05,0.9757499999999998,0.024187500000000004
12800,1.0050234375,7.8125e-05,0.9762343749999997,0.023687500000000007
12900,1.0048218750000002,1.5625e-05,0.9760468749999991,0.023937500000000004
13000,1.0050937500000001,1.5625e-05,0.9754218749999998,0.024562499999999994
13100,1.0048499999999998,0.0,0.9760156249999994,0.023984374999999995
13200,1.0048390625000003,0.0,0.9759062499999998,0.02409375
13300,1.0047296875,3.125e-05,0.9769374999999998,0.023031250000000003
13400,1.0049296875,1.5625e-05,0.9762968749999996,0.0236875
13500,1.0048703125,1.5625e-05,0.9763906249999998,0.023593750000000007
13600,1.0049875000000001,1.5625e-05,0.9759999999999996,0.023984375000000002
13700,1.0047328124999995,0.0,0.9764687499999999,0.02353125
13800,1.00476875,0.0,0.9765781249999995,0.023421874999999995
13900,1.0048546875000002,3.125e-05,0.9764374999999996,0.023531250000000007
14000,1.0050406250000001,1.5625e-05,0.9761874999999999,0.02379687499999999
14100,1.0048281249999995,3.125e-05,0.975984375,0.023984375
14200,1.0049531250000003,0.0,0.9756406249999998,0.024359374999999996
14300,1.0047484374999998,0.0,0.9768437499999998,0.02315625
14400,1.005209375,4.6875e-05,0.9758593749999998,0.024093750000000008
14500,1.0047953125,3.125e-05,0.9761718749999998,0.023796875000000006
14600,1.0046843749999999,1.5625e-05,0.9773593749999999,0.022624999999999992
14700,1.0048421875,0.0,0.97609375,0.023906250000000004
14800,1.0050859375,3.125e-05,0.9760937499999996,0.023875
14900,1.0048765625000002,4.6875e-05,0.9762812499999998,0.023671875000000002
15000,1.0050406250000001,7.8125e-05,0.9762187499999996,0.023703124999999995
15100,1.0047765625,6.25e-05,0.9768749999999998,0.023062500000000003
15200,1.0051796874999999,4.6875e-05,0.9761874999999999,0.023765625000000005
15300,1.0048906249999998,7.8125e-05,0.9771406249999999,0.022781249999999996
15400,1.00514375,0.00014062500000000002,0.9759531249999999,0.023906250000000004
15500,1.0051062499999999,0.000109375,0.9762656249999998,0.023625000000000004
15600,1.0051031250000002,0.000109375,0.9762968749999996,0.02359375
15700,1.004865625,0.000125,0.9773593749999998,0.022515624999999997
15800,1.00513125,0.000125,0.9758281249999996,0.024046874999999995
15900,1.00500625,0.000125,0.9763593749999997,0.023515625000000002
16000,1.0049125,0.000109375,0.9768906249999997,0.023000000000000003
16100,1.0048859375,6.25e-05,0.9771718749999997,0.022765624999999998
16200,1.0049546875,7.8125e-05,0.9763281249999997,0.02359375
16300,1.004775,7.8125e-05,0.9771406249999998,0.022781250000000006
16400,1.0048921875,4.6875e-05,0.9763437499999998,0.023609375000000002
16500,1.0049578125,4.6875e-05,0.9764374999999997,0.023515625
16600,1.0048671874999997,6.25e-05,0.9771093749999992,0.022828124999999994
16700,1.0049000000000001,4.6875e-05,0.9764999999999995,0.02345312499999999
16800,1.0046078125,7.8125e-05,0.9774531249999998,0.022468750000000006
16900,1.0047671875,7.8125e-05,0.977140625,0.02278125
17000,1.00479375,6.25e-05,0.977265625,0.022671874999999994
17100,1.0050078125000002,6.25e-05,0.9764999999999996,0.023437499999999997
17200,1.0049078124999997,0.000125,0.9771562499999995,0.022718750000000003
17300,1.0046953125000002,9.375e-05,0.9773437499999998,0.022562499999999996
17400,1.0047859375000001,7.8125e-05,0.9771406249999999,0.022781249999999996
17500,1.0047765625,6.25e-05,0.9774531249999998,0.022484374999999994
17600,1.004971875,0.000125,0.977171875,0.022703124999999998
17700,1.004803125,0.000109375,0.9774687499999997,0.022421875
17800,1.0049374999999998,0.000125,0.9767499999999999,0.02312500000000001
17900,1.0048125000000003,0.000109375,0.97746875,0.022421875000000004
18000,1.0051484375000002,0.000125,0.97671875,0.02315625
18100,1.0049203125,0.000125,0.9765781250000001,0.023296874999999998
18200,1.0049609374999997,0.000125,0.9769062499999999,0.02296875
18300,1.0049343750000004,9.375e-05,0.9768749999999998,0.023031250000000003
18400,1.0050390624999996,6.25e-05,0.9769531249999999,0.022984375000000005
18500,1.0048187499999999,7.8125e-05,0.9777968749999996,0.02212500000000001
18600,1.0049875,0.00014062500000000002,0.9768749999999995,0.022984374999999998
18700,1.0050953125,0.000125,0.9770624999999995,0.0228125
18800,1.0051703124999998,0.00014062500000000002,0.9768281249999999,0.02303125
18900,1.0049656249999999,0.00014062500000000002,0.9773281249999999,0.022531249999999996
19000,1.0049578125000003,0.000109375,0.9766562499999996,0.023234375
19100,1.0048343749999997,0.000109375,0.9778124999999998,0.022078125000000007
19200,1.0048312499999998,0.000109375,0.9775312500000001,0.022359375
19300,1.00480625,0.00015625,0.9780937499999998,0.021750000000000005
19400,1.004859375,0.000140625,0.9774374999999996,0.022421875000000004
19500,1.0049953125000004,0.000171875,0.9769999999999999,0.022828124999999998
19600,1.004978125,0.0001875,0.9773906250000002,0.022421874999999997
19700,1.0047140625,0.00020312500000000002,0.9782343749999999,0.021562500000000002
19800,1.0049281249999997,0.000171875,0.9775624999999998,0.022265624999999997
19900,1.0046515625000003,0.000125,0.9775781249999996,0.02229687499999999
20000,1.0049000000000001,0.000140625,0.9777812499999997,0.022078124999999994
20100,1.005003125,0.000171875,0.9775937499999995,0.022234375
20200,1.004834375,0.000171875,0.977890625,0.02193750000000001
20300,1.0047937500000004,0.000140625,0.9780156249999997,0.021843749999999995
20400,1.0045312499999999,9.375e-05,0.9782187499999998,0.021687499999999995
20500,1.00463125,0.000109375,0.9777812499999997,0.022109375
20600,1.0044421875,9.375e-05,0.9788749999999997,0.021031250000000005
20700,1.0047546875,7.8125e-05,0.9778749999999995,0.022046874999999997
20800,1.0047562500000002,0.000109375,0.9775624999999994,0.022328124999999997
20900,1.0048921874999999,0.00015625,0.9774374999999997,0.022406250000000003
21000,1.0049624999999998,0.00014062500000000002,0.9771093750000001,0.022749999999999992
21100,1.0051625,0.000171875,0.976421875,0.023406249999999997
21200,1.004934375,0.000171875,0.9776562499999993,0.022171874999999997
21300,1.0049640624999998,0.000171875,0.9771249999999997,0.022703125
21400,1.0049000000000001,0.000140625,0.977234375,0.022624999999999996
21500,1.004928125,0.0001875,0.9771250000000001,0.022687500000000003
21600,1.0052156250000002,0.0001875,0.9765468749999998,0.02326562499999999
21700,1.0047000000000004,0.000171875,0.9780781249999998,0.021750000000000002
21800,1.0050015625,0.0001875,0.9769531250000002,0.022859375
21900,1.0049171875000003,0.0001875,0.9767187500000002,0.02309375
22000,1.0049421875000002,0.00021874999999999998,0.9775468749999998,0.022234374999999997
22100,1.0050468750000003,0.000234375,0.9776250000000001,0.022140625
22200,1.004959375,0.000234375,0.9779687499999999,0.021796874999999993
22300,1.0051484375,0.000265625,0.9772343749999997,0.0225
22400,1.0050515624999998,0.000296875,0.9777031249999998,0.022
22500,1.0051484375000004,0.00034375000000000003,0.9775937499999998,0.0220625
22600,1.0050765625,0.000328125,0.97775,0.021921874999999993
22700,1.0051359375000004,0.0003125,0.9777499999999998,0.021937500000000002
22800,1.0052015625000001,0.000328125,0.9769843749999997,0.0226875
22900,1.0055718750000002,0.000421875,0.976609375,0.02296874999999999
23000,1.0053203124999999,0.000265625,0.9770156249999995,0.022718750000000003
23100,1.0051515625,0.000203125,0.9775937499999997,0.022203124999999997
23200,1.0050359375000002,0.00015625,0.9773437500000002,0.022499999999999996
23300,1.0048546875000002,0.000140625,0.9777187499999996,0.022140625000000004
23400,1.004765625,0.000171875,0.9782968750000001,0.02153125
23500,1.0054,0.0001875,0.976796875,0.023015624999999994
23600,1.0050875000000004,0.00020312500000000002,0.9779218749999996,0.021875000000000006
23700,1.005278125,0.00020312500000000002,0.9769843749999999,0.022812499999999993
23800,1.0050984375000003,0.00020312500000000002,0.9776718749999997,0.022125000000000002
23900,1.0049984375,0.00023437500000000005,0.9783437499999997,0.021421875
24000,1.0051437499999998,0.00020312500000000002,0.9772031249999996,0.022593750000000003
24100,1.0052859375,0.00021875000000000003,0.9762656249999997,0.023515625
24200,1.00496875,0.00021875,0.9777343749999995,0.022046874999999997
24300,1.0050624999999997,0.00021875,0.9774531249999998,0.022328124999999997
24400,1.0048484374999997,0.000109375,0.9772187499999997,0.022671875
24500,1.0050796875,0.000125,0.9777499999999999,0.022125000000000002
24600,1.0051453124999998,0.00014062500000000002,0.9764999999999998,0.023359374999999998
24700,1.0051515625000003,0.000171875,0.9777968749999999,0.022031250000000002
24800,1.0048312500000003,0.00014062500000000002,0.9774687499999998,0.022390624999999997
24900,1.0047359375,0.00015624999999999998,0.9778437499999998,0.022
25000,1.00509375,0.00021875,0.9770937499999997,0.022687500000000003
25100,1.0048828125,0.00015625,0.9771874999999999,0.02265625
25200,1.0049578125,0.000203125,0.9773906250000002,0.022406250000000003
25300,1.0047328125000003,9.375e-05,0.97753125,0.022374999999999996
25400,1.0047062500000001,9.375e-05,0.9780624999999997,0.02184375
25500,1.0047281250000002,7.8125e-05,0.977546875,0.022375
25600,1.004475,7.8125e-05,0.97821875,0.021703125000000004
25700,1.0046234374999998,0.000109375,0.97815625,0.021734375
25800,1.0046,0.000125,0.9777968749999998,0.022078124999999997
25900,1.0048015625,0.0001875,0.9777187499999999,0.022093750000000006
26000,1.0047953124999998,0.00015625,0.97821875,0.021625000000000005
26100,1.0046078125,0.00015624999999999998,0.9781718749999998,0.02167187499999999
26200,1.0046859375,0.0001875,0.9783281250000001,0.021484375
26300,1.0048156250000004,0.00025,0.9786718749999997,0.021078125
26400,1.0050578125,0.000328125,0.9775468749999997,0.022125
26500,1.0051750000000002,0.000390625,0.9779375000000001,0.021671875000000004
26600,1.0049593750000005,0.00034375000000000003,0.9779843749999998,0.021671874999999997
26700,1.0054203125,0.000421875,0.9773906249999995,0.022187499999999995
26800,1.0052546875,0.00045312499999999997,0.9773593749999999,0.022187500000000006
26900,1.0053421875,0.00040625000000000004,0.9776874999999997,0.02190625
27000,1.0055015625,0.00040625000000000004,0.9764374999999996,0.02315624999999999
27100,1.0054015625,0.00043749999999999995,0.9765312500000001,0.02303125
27200,1.0054562500000002,0.0005625000000000001,0.9777031249999997,0.02173437500000001
27300,1.0060046875000002,0.000609375,0.9767499999999998,0.022640624999999998
27400,1.0057999999999998,0.000625,0.9770937499999998,0.02228125
27500,1.0057765625000001,0.000734375,0.9779374999999997,0.021328125
27600,1.0058218749999999,0.000609375,0.9774374999999997,0.021953125000000004
27700,1.0059843750000002,0.000609375,0.9769062499999998,0.022484375000000004
27800,1.0058156250000003,0.000640625,0.9767187499999999,0.022640625000000004
27900,1.005825,0.0005625000000000001,0.9767343749999998,0.022703124999999994
28000,1.005696875,0.00059375,0.9771249999999999,0.022281249999999996
28100,1.0057375,0.000546875,0.9772343749999998,0.02221875
28200,1.0057328125,0.000578125,0.9774531249999996,0.021968750000000002
28300,1.0056390624999998,0.0005781250000000001,0.9777499999999999,0.021671875000000004
28400,1.005734375,0.0005625000000000001,0.9773593749999998,0.022078124999999997
28500,1.0058828125000006,0.00059375,0.977171875,0.022234375
28600,1.0059031250000003,0.000625,0.9772031249999996,0.022171874999999994
28700,1.0058140625000003,0.000609375,0.9770624999999998,0.022328124999999994
28800,1.0057500000000001,0.000625,0.9769999999999996,0.022375
28900,1.0056656250000005,0.0005781250000000001,0.9771406249999997,0.022281250000000002
29000,1.0056906250000004,0.000609375,0.9771093749999998,0.02228125
29100,1.0055890625000001,0.000546875,0.9776249999999996,0.021828125000000004
29200,1.005490625,0.000484375,0.977546875,0.021968749999999995
29300,1.005696875,0.00053125,0.9771249999999998,0.02234375
29400,1.0054390625000003,0.00053125,0.9777656249999996,0.021703125000000007
29500,1.00564375,0.00046875,0.9775781249999999,0.021953125
29600,1.0053578125000002,0.000453125,0.9779687499999997,0.021578125
29700,1.0053437499999998,0.000453125,0.9775937499999996,0.021953125
29800,1.0056421875000001,0.000546875,0.9772656249999998,0.0221875
29900,1.0053796875,0.000421875,0.9780156249999998,0.021562500000000002
30000,1.0051484375000002,0.00045312499999999997,0.977625,0.021921874999999993
30100,1.0052781250000002,0.000390625,0.9782343749999997,0.021375
30200,1.0051890625000002,0.00046875000000000004,0.9783281249999998,0.021203125000000003
30300,1.0054296875000004,0.000515625,0.9780937499999997,0.021390625000000003
30400,1.0053703125,0.0005781250000000001,0.9780624999999998,0.021359374999999996
30500,1.0055749999999999,0.0005625000000000001,0.9772499999999998,0.022187499999999995
30600,1.0058125,0.0005625000000000001,0.9767812499999997,0.022656249999999992
30700,1.0055046875,0.0005625000000000001,0.9779375000000001,0.0215
30800,1.0058203125,0.0005625000000000001,0.9770937499999998,0.02234375
30900,1.005996875,0.00065625,0.9773749999999997,0.021968749999999995
31000,1.006075,0.0006718750000000001,0.9772343749999997,0.02209375
31100,1.0062046875,0.0006875000000000001,0.9774062499999998,0.02190625
31200,1.0061140625,0.000703125,0.9774687499999998,0.021828125
31300,1.0064062499999997,0.0007656249999999999,0.9772656249999996,0.021968749999999995
31400,1.0063484375,0.000828125,0.9767187499999996,0.022453124999999997
31500,1.00625625,0.0006718750000000001,0.9770781249999997,0.02225
31600,1.0062984375000006,0.0007031250000000001,0.9768749999999997,0.022421875
31700,1.0060218749999996,0.000671875,0.9764999999999998,0.022828124999999998
31800,1.0059921875000004,0.000703125,0.9767968749999998,0.022499999999999996
31900,1.005921875,0.000578125,0.9774375,0.021984375000000004
32000,1.0057578125000002,0.000609375,0.9771562499999998,0.02223437499999999
32100,1.0056546875,0.000453125,0.977203125,0.02234375
32200,1.0053109375000007,0.00045312499999999997,0.9787812499999999,0.020765625000000003
32300,1.0051624999999997,0.000375,0.9779374999999996,0.0216875
32400,1.0055500000000002,0.0004375,0.9772343749999998,0.022328125
32500,1.0053062499999998,0.000453125,0.9773281249999999,0.02221875
32600,1.0053921875,0.000515625,0.9775624999999997,0.021921875
32700,1.0056593750000002,0.0005,0.9772187500000001,0.022281249999999996
32800,1.00546875,0.00053125,0.9778437499999996,0.021625000000000002
32900,1.0058265625000005,0.000703125,0.9769999999999999,0.022296875000000008
33000,1.0062703125,0.0006718750000000001,0.975828125,0.0235
33100,1.006390625,0.000765625,0.9768906249999996,0.02234375
33200,1.006628125,0.0007968750000000001,0.9768124999999998,0.02239062499999999
33300,1.00715,0.000875,0.9750312499999996,0.02409375
33400,1.0074140625,0.000984375,0.9755624999999999,0.023453124999999995
33500,1.0075656250000002,0.0011093750000000001,0.9764687499999996,0.022421874999999994
33600,1.0075250000000004,0.001171875,0.9762656249999996,0.022562500000000003
33700,1.0078,0.00115625,0.975734375,0.023109374999999998
33800,1.0076796875,0.00115625,0.97565625,0.0231875
33900,1.0070625000000004,0.001265625,0.9765781249999997,0.02215625
34000,1.0075562500000004,0.001296875,0.9755156249999999,0.023187499999999993
34100,1.0075421875000001,0.0013437500000000001,0.9757187499999999,0.022937499999999996
34200,1.007428125,0.001375,0.9770781249999998,0.021546874999999997
34300,1.0073328125,0.0013437500000000001,0.9763124999999996,0.02234375
34400,1.0072171875,0.00121875,0.9762656249999998,0.022515625
34500,1.0070703125000002,0.0011875,0.976296875,0.022515624999999997
34600,1.0071812500000001,0.00121875,0.9759843749999996,0.022796874999999994
34700,1.0072687500000004,0.001234375,0.97571875,0.02304687499999999
34800,1.0069156250000002,0.001125,0.9767499999999999,0.022125000000000002
34900,1.007146875,0.001125,0.9763437499999998,0.022531249999999996
35000,1.0071312500000003,0.001125,0.9758593749999999,0.023015624999999994
35100,1.0069703125000002,0.0011875,0.9765624999999997,0.022250000000000002
35200,1.0065906250000003,0.0010625,0.9773437499999998,0.021593750000000002
35300,1.0069156249999998,0.001140625,0.9766718749999997,0.0221875
35400,1.0073390624999998,0.001203125,0.9757031249999997,0.023093749999999993
35500,1.0073406249999999,0.001234375,0.9763124999999999,0.022453124999999997
35600,1.0072218750000002,0.00121875,0.9760781249999998,0.022703124999999998
35700,1.0071734375,0.001078125,0.9765156249999998,0.022406250000000003
35800,1.0071312499999998,0.00109375,0.9759999999999995,0.02290624999999999
35900,1.0072109375000002,0.001078125,0.9757031249999998,0.023218750000000003
36000,1.006484375,0.00096875,0.9772968750000002,0.02173437499999999
36100,1.0065250000000001,0.00096875,0.9767812499999998,0.02225
36200,1.0064,0.000953125,0.9768749999999995,0.022171875
36300,1.0067234375000003,0.000890625,0.9763281249999995,0.022781249999999996
36400,1.0067296875000002,0.000953125,0.9768749999999998,0.022171874999999997
36500,1.0069921875000003,0.0009375000000000001,0.9756874999999997,0.023375
36600,1.0068703124999998,0.000984375,0.9773749999999997,0.021640625
36700,1.0070562500000002,0.0009218750000000001,0.9766718749999996,0.022406249999999996
36800,1.0071078125,0.0009218750000000001,0.9759062500000001,0.023171874999999995
36900,1.0069156250000002,0.000984375,0.9764999999999999,0.022515624999999987
37000,1.0064437500000003,0.00084375,0.9767812499999996,0.022374999999999996
37100,1.0063421875,0.00075,0.9772656250000001,0.021984375
37200,1.0066468750000002,0.000875,0.9767812499999996,0.022343749999999996
37300,1.0062781250000001,0.000765625,0.9767187499999999,0.022515624999999994
37400,1.00639375,0.00084375,0.9767499999999998,0.02240625
37500,1.0063546875000002,0.0007968750000000001,0.9764218749999999,0.022781249999999996
37600,1.0059859374999998,0.000703125,0.9772187499999999,0.022078124999999987
37700,1.0060578125000001,0.000765625,0.9778593749999995,0.021375000000000005
37800,1.0058578125000004,0.00071875,0.9778281250000002,0.021453125
37900,1.0055140625,0.0006875,0.97821875,0.02109375
38000,1.0057140625000003,0.00071875,0.9784843749999997,0.020796875
38100,1.0062843750000006,0.000859375,0.9764843749999998,0.022656249999999996
38200,1.0062062500000002,0.0008125,0.9774374999999998,0.021750000000000005
38300,1.0062078125,0.00090625,0.9775625000000001,0.021531250000000002
38400,1.0063062500000002,0.000953125,0.9773437500000001,0.021703125000000004
38500,1.0061312499999997,0.0009375000000000001,0.9782343749999995,0.020828124999999996
38600,1.0067203125,0.00115625,0.9768437499999999,0.022000000000000006
38700,1.0070281249999997,0.00121875,0.9769218749999999,0.021859374999999997
38800,1.0073406250000003,0.001375,0.9766718749999999,0.021953125
38900,1.0077968750000004,0.001625,0.9761718749999998,0.022203124999999997
39000,1.0079078125,0.001671875,0.9762031249999998,0.022124999999999992
39100,1.0081921875000002,0.001875,0.9768749999999995,0.02124999999999999
39200,1.00854375,0.001890625,0.9760624999999998,0.02204687499999999
39300,1.0087312499999999,0.002,0.9756718750000003,0.022328124999999997
39400,1.008959375,0.002046875,0.9754687499999999,0.022484375
39500,1.0089921874999999,0.002125,0.9753749999999998,0.022500000000000003
39600,1.009109375,0.002,0.975484375,0.022515624999999997
39700,1.0088781249999998,0.001828125,0.9749999999999998,0.023171874999999988
39800,1.0085203125000002,0.00178125,0.9757187499999996,0.02249999999999999
39900,1.0086562499999998,0.001765625,0.97528125,0.022953125
40000,1.0083140625,0.0015937500000000001,0.9756093750000001,0.022796875
40100,1.0077359375000001,0.001484375,0.9761406249999998,0.022374999999999996
40200,1.007634375,0.0013125,0.9761250000000001,0.022562499999999992
40300,1.0073828124999997,0.00121875,0.9769531249999998,0.021828125
40400,1.0075171875,0.001171875,0.9762031249999996,0.02262499999999999
40500,1.0071546875,0.001171875,0.9771249999999997,0.021703124999999993
40600,1.006903125,0.00096875,0.9763124999999996,0.02271875
40700,1.006321875,0.00096875,0.9779218749999998,0.021109375
40800,1.006459375,0.00090625,0.9772812499999998,0.021812500000000005
40900,1.006128125,0.00078125,0.9767968750000001,0.022421874999999994
41000,1.0061,0.000796875,0.9777812499999996,0.021421875000000003
41100,1.0064453125000004,0.0007968750000000001,0.9764999999999998,0.022703124999999994
41200,1.0062296874999999,0.000640625,0.9773749999999998,0.021984374999999997
41300,1.0064265625,0.000640625,0.9770624999999997,0.022296874999999994
41400,1.0064953125000002,0.0006875,0.9770625,0.022249999999999995
41500,1.0061390625000004,0.00059375,0.9776875000000003,0.02171875
41600,1.00593125,0.000515625,0.9772968749999997,0.0221875
41700,1.0058125000000004,0.000453125,0.977625,0.021921874999999997
41800,1.0054499999999995,0.000328125,0.9776562499999994,0.022015625
41900,1.0052578125,0.000328125,0.9781406250000002,0.02153125
42000,1.0050828125000002,0.00028125000000000003,0.978109375,0.021609375
42100,1.005253125,0.000265625,0.9771406249999999,0.02259374999999999
42200,1.0049812500000002,0.000265625,0.9782968749999998,0.0214375
42300,1.0049796874999999,0.00028125000000000003,0.9786406249999996,0.021078125
42400,1.005121875,0.000296875,0.9782499999999997,0.021453125
42500,1.005221875,0.00031250000000000006,0.9782812500000001,0.02140625
42600,1.0051359375,0.00035937500000000005,0.978171875,0.02146875
42700,1.0050609375,0.000375,0.97828125,0.02134375
42800,1.0050343750000001,0.00025,0.9783281249999999,0.021421874999999993
42900,1.0047625,0.00025,0.978359375,0.021390624999999993
43000,1.0049328124999999,0.00021875000000000003,0.9785625000000003,0.02121875
43100,1.0048328125000001,0.00014062500000000002,0.9776406249999998,0.022218750000000002
43200,1.0047375,0.00014062500000000002,0.9786562499999996,0.021203125
43300,1.0046937499999997,0.00015625000000000003,0.9778125000000001,0.022031249999999995
43400,1.0046249999999999,0.00021875,0.9788124999999996,0.02096875
43500,1.004540625,0.000171875,0.9785781249999999,0.02125
43600,1.0046093750000002,0.00014062500000000002,0.979140625,0.020718749999999994
43700,1.0043125000000002,0.00014062500000000002,0.9794843749999997,0.020375
43800,1.0045203125,0.000109375,0.9785781250000002,0.021312499999999998
43900,1.004428125,0.000109375,0.9787499999999998,0.021140625
44000,1.00425625,0.000109375,0.9792812499999999,0.020609374999999996
44100,1.0045312500000003,0.000125,0.9780312499999998,0.02184375
44200,1.0042687500000003,0.000125,0.9795468750000002,0.020328125000000006
44300,1.004203125,0.00014062500000000002,0.979203125,0.020656249999999998
44400,1.0042296875000003,0.000109375,0.9786562500000001,0.021234375
44500,1.0042734375,9.375e-05,0.9789531249999996,0.020953124999999996
44600,1.0042281250000002,7.8125e-05,0.9796718749999997,0.02025
44700,1.0041640625000001,0.000109375,0.9793437499999998,0.020546875
44800,1.0042515625,7.8125e-05,0.9791406249999998,0.020781249999999998
44900,1.0042828125000003,9.375e-05,0.9790781249999998,0.020828125
45000,1.0042281249999996,7.8125e-05,0.9794374999999995,0.020484375000000003
45100,1.0042890625000003,7.8125e-05,0.9789843749999997,0.0209375
45200,1.0044015625,7.8125e-05,0.9792031249999994,0.02071875
45300,1.0043765625000003,7.8125e-05,0.9789687499999998,0.020953125000000003
45400,1.0043,9.375e-05,0.97909375,0.020812500000000005
45500,1.0043671875000004,7.8125e-05,0.9792187499999998,0.020703125000000003
45600,1.0044406250000002,7.8125e-05,0.9786718749999997,0.021250000000000005
45700,1.0040859375,6.25e-05,0.9791874999999999,0.02075
45800,1.0042781250000004,7.8125e-05,0.9783749999999997,0.021546875
45900,1.0039546874999998,7.8125e-05,0.9804531249999997,0.01946875
46000,1.0043562500000003,9.375e-05,0.9788593749999996,0.021046875000000003
46100,1.0045046875000003,0.00014062500000000002,0.9780156249999997,0.02184375000000001
46200,1.0042250000000006,0.000109375,0.9797343749999996,0.020156250000000004
46300,1.0042296875,9.375e-05,0.9791093749999997,0.020796874999999996
46400,1.0043390625000004,0.000109375,0.979359375,0.020531250000000004
46500,1.0045093749999998,0.00014062500000000002,0.9782812499999998,0.021578125
46600,1.0045203125000002,0.00015625000000000003,0.9786406249999998,0.021203125
46700,1.0047609375000004,0.000171875,0.97875,0.021078124999999996
46800,1.0044406250000002,0.00014062500000000002,0.9791562500000001,0.020703125
46900,1.0045484375,0.00015625,0.9789062499999999,0.020937499999999998
47000,1.0043812500000002,0.000125,0.9791874999999999,0.0206875
47100,1.0043968750000003,0.000109375,0.97890625,0.020984374999999996
47200,1.0043171874999999,9.375e-05,0.9787812499999997,0.021124999999999998
47300,1.0042328125,9.375e-05,0.979234375,0.020671875
47400,1.0043562499999996,7.8125e-05,0.9789999999999999,0.020921874999999993
47500,1.00440625,9.375e-05,0.9793749999999998,0.020531250000000004
47600,1.0045046875,9.375e-05,0.9788281249999998,0.021078125
47700,1.0044953124999998,0.000125,0.9785624999999998,0.021312500000000005
47800,1.004434375,0.000109375,0.9784218749999998,0.021468749999999998
47900,1.004440625,0.000109375,0.9782656249999998,0.021625000000000005
48000,1.0043703124999999,7.8125e-05,0.9785781249999996,0.021343749999999995
48100,1.004303125,7.8125e-05,0.9791874999999997,0.020734375
48200,1.0042953125000003,7.8125e-05,0.978625,0.021296874999999996
48300,1.0041390625,6.25e-05,0.9794999999999996,0.020437499999999997
48400,1.0042484375,4.6875e-05,0.9790156249999998,0.020937499999999998
48500,1.0041125,3.125e-05,0.9784687499999997,0.021500000000000002
48600,1.0041078124999998,4.6875e-05,0.9797499999999996,0.020203125000000002
48700,1.00435,9.375e-05,0.9789531249999993,0.020953125
48800,1.0042,4.6875e-05,0.979296875,0.020656250000000004
48900,1.0042999999999997,6.25e-05,0.979,0.020937500000000005
49000,1.0041015625,7.8125e-05,0.9798906249999992,0.020031250000000004
49100,1.0040578125,4.6875e-05,0.9799531249999996,0.02
49200,1.0040640625,4.6875e-05,0.9797812499999995,0.020171875
49300,1.0042015625000003,6.25e-05,0.9794531249999998,0.020484374999999996
49400,1.0041484374999998,3.125e-05,0.978828125,0.021140624999999996
49500,1.0042421875,3.125e-05,0.9790625,0.020906249999999998
49600,1.0043125,3.125e-05,0.9792031249999994,0.020765624999999996
49700,1.0040859375000002,3.125e-05,0.9789218749999997,0.021046875
49800,1.0041796875,3.125e-05,0.9793593749999998,0.020609375000000003
49900,1.0043453124999997,3.125e-05,0.9789687499999998,0.021000000000000005
50000,1.0041499999999999,6.25e-05,0.9796874999999998,0.02025
