step,mean_aspect_ratio,fraction_elongated,fraction_round,fraction_binary
100,1.0,0.0,1.0,0.0
200,1.1451171875000001,0.009593750000000007,0.626921875,0.36348437500000014
300,1.1581406250000001,0.019109375,0.6183749999999998,0.3625156249999999
400,1.1721296874999996,0.027421874999999995,0.6108281250000003,0.36175
500,1.1897718750000001,0.03496874999999999,0.6070781249999998,0.35795312500000004
600,1.2052796874999998,0.04374999999999998,0.623015625,0.333234375
700,1.2192953125,0.054125,0.6414062500000002,0.30446875000000007
800,1.2393296875,0.064859375,0.64840625,0.28673437500000004
900,1.2583249999999997,0.076234375,0.6590781250000001,0.2646875000000001
1000,1.2778015624999999,0.08685937500000002,0.6662656250000001,0.24687500000000004
1100,1.2960374999999995,0.09795312500000002,0.6672656249999998,0.23478125000000002
1200,1.3125656249999997,0.10871875000000002,0.67165625,0.219625
1300,1.3355390625,0.12068750000000003,0.663921875,0.21539062500000003
1400,1.3584453124999998,0.13149999999999998,0.6554218749999998,0.2130781250000001
1500,1.3752593750000008,0.140953125,0.651875,0.20717187499999995
1600,1.3928828125,0.148328125,0.6484062500000001,0.20326562499999995
1700,1.4069250000000004,0.157140625,0.64453125,0.19832812500000005
1800,1.4216546874999993,0.1649375,0.6398593749999999,0.19520312500000006
1900,1.4362921874999999,0.17292187500000003,0.638296875,0.18878125000000004
2000,1.4500515625000006,0.18050000000000002,0.6303281249999999,0.18917187500000004
2100,1.4645359375,0.188984375,0.6235468750000004,0.18746875
2200,1.4791265624999999,0.19614062500000004,0.616828125,0.18703125000000004
2300,1.4908281250000004,0.20079687499999999,0.60990625,0.189296875
2400,1.5022343749999998,0.20815625000000001,0.6063437499999997,0.1855
2500,1.51365625,0.21365625000000002,0.60146875,0.18487499999999998
2600,1.5235515625,0.21790624999999994,0.5951875,0.18690624999999997
2700,1.5325249999999995,0.22285937500000005,0.590421875,0.18671875
2800,1.5375640625000004,0.22670312500000003,0.5899375,0.18335937500000005
2900,1.544665625,0.229015625,0.5851875000000001,0.18579687500000008
3000,1.5518734374999998,0.23135937499999998,0.5809687499999999,0.18767187500000007
3100,1.5538531250000003,0.233453125,0.5830468749999997,0.18349999999999997
3200,1.55961875,0.23657812500000003,0.5805624999999999,0.18285937500000002
3300,1.5666781250000001,0.24078125000000009,0.5754062500000001,0.18381250000000005
3400,1.5751937499999995,0.24465625000000008,0.5704999999999999,0.18484375
3500,1.5801984374999996,0.24567187499999993,0.5642499999999999,0.19007812500000007
3600,1.58324375,0.2483281250000001,0.5643124999999999,0.187359375
3700,1.587303125,0.24901562500000002,0.5611875,0.18979687500000003
3800,1.5906203124999998,0.25007812500000004,0.561609375,0.18831249999999994
3900,1.5985984375000002,0.254984375,0.5585312499999999,0.18648437499999995
4000,1.6041015624999995,0.257828125,0.5566562500000001,0.185515625
4100,1.6071296875000003,0.260625,0.556359375,0.18301562499999996
4200,1.611225,0.26304687499999996,0.5547812500000001,0.182171875
4300,1.612403125,0.2635156250000001,0.5540312500000001,0.18245312500000002
4400,1.6136328124999997,0.26284375,0.550796875,0.18635937500000002
4500,1.6141812500000003,0.263359375,0.5484687500000001,0.18817187500000002
4600,1.6191796875000002,0.26435937500000006,0.5454843749999999,0.19015624999999997
4700,1.619078125,0.264921875,0.5463437500000001,0.188734375
4800,1.6207015625,0.2669531250000001,0.5449843750000001,0.1880625
4900,1.6244,0.267921875,0.5434062499999998,0.18867187500000002
5000,1.623953125,0.26832812500000003,0.5424531249999999,0.18921875000000005
5100,1.6263968749999995,0.2698281249999999,0.5406562500000001,0.18951562499999997
5200,1.6332546875,0.2731093749999999,0.535828125,0.1910625
5300,1.637728125,0.27517187500000007,0.53490625,0.18992187500000007
5400,1.6432656249999997,0.278359375,0.5333749999999999,0.188265625
5500,1.64299375,0.27851562500000004,0.5339375,0.187546875
5600,1.6467484374999999,0.2804531250000001,0.5309062500000001,0.18864062500000003
5700,1.6500390625,0.28303125,0.528890625,0.18807812499999996
5800,1.64945,0.282625,0.5299375,0.18743749999999998
5900,1.650253125,0.282609375,0.5307343750000003,0.18665625
6000,1.6544296875000004,0.28576562499999997,0.527765625,0.18646875
6100,1.6578453125,0.28637499999999994,0.5258281250000001,0.18779687499999997
6200,1.6653828125000005,0.289015625,0.518546875,0.19243749999999996
6300,1.6702499999999996,0.2904999999999999,0.5161250000000001,0.19337500000000005
6400,1.6719625,0.2916718750000001,0.5152031250000001,0.19312500000000005
6500,1.6755484375,0.29295312500000004,0.5144375,0.19260937500000005
6600,1.6771734374999996,0.292234375,0.510375,0.19739062500000001
6700,1.6783328124999997,0.294015625,0.5098750000000001,0.196109375
6800,1.6865046875,0.29703125,0.5046875000000002,0.19828125000000002
6900,1.69209375,0.2990312500000001,0.50209375,0.19887499999999997
7000,1.6977015624999998,0.30159374999999994,0.4982031250000001,0.200203125
7100,1.7014109375000002,0.30410937499999996,0.49446874999999985,0.20142187500000003
7200,1.7055031250000001,0.305609375,0.49087500000000006,0.20351562499999995
7300,1.7073281250000003,0.3074375,0.49318750000000006,0.19937500000000002
7400,1.7088515625000005,0.309265625,0.4928906249999999,0.19784375000000007
7500,1.7125984375,0.309578125,0.48981250000000015,0.200609375
7600,1.7118109375,0.31076562500000005,0.49242187499999995,0.1968125
7700,1.7148687499999995,0.3124062499999999,0.4899687500000001,0.19762499999999997
7800,1.7171906250000006,0.31390625000000005,0.49162500000000003,0.19446874999999994
7900,1.7142281249999998,0.31443750000000004,0.49535937500000016,0.190203125
8000,1.7091000000000005,0.31242187500000007,0.50134375,0.18623437499999992
8100,1.7064390624999994,0.3111875,0.50228125,0.18653124999999998
8200,1.705946875,0.31187499999999996,0.5033906249999999,0.18473437500000003
8300,1.7079234375,0.311796875,0.501328125,0.18687499999999996
8400,1.7071296874999995,0.31195312499999994,0.5009375,0.18710937500000008
8500,1.7066812499999995,0.312078125,0.500203125,0.18771874999999993
8600,1.7046203125000001,0.3109062499999999,0.5025624999999999,0.18653125
8700,1.7020203125,0.310546875,0.502921875,0.18653125000000004
8800,1.7046562499999998,0.31209375,0.50040625,0.1875
8900,1.7099203124999998,0.31375,0.4981250000000001,0.18812500000000004
9000,1.7112812499999994,0.31424999999999986,0.494875,0.19087500000000002
9100,1.7148343749999995,0.31470312500000014,0.49235937499999993,0.19293750000000007
9200,1.718423437499999,0.3166562499999999,0.49148437500000003,0.19185937500000003
9300,1.7184359374999993,0.31740624999999995,0.4913750000000001,0.19121875000000005
9400,1.7232703124999997,0.31740624999999995,0.48476562500000003,0.19782812499999994
9500,1.7276515625,0.3195625,0.48256250000000006,0.19787500000000005
9600,1.7261437499999999,0.3189218749999999,0.4837343749999999,0.19734375000000004
9700,1.7303500000000003,0.32023437500000007,0.48204687500000004,0.19771875000000003
9800,1.7329828124999997,0.32375,0.482734375,0.19351562500000002
9900,1.733553125,0.3223750000000001,0.47881249999999986,0.1988125
10000,1.7327156249999998,0.32359375000000007,0.48171875,0.19468749999999996
10100,1.7319046874999993,0.3227968749999999,0.48420312500000007,0.19300000000000006
10200,1.7329578125,0.3234062500000001,0.48242187500000006,0.19417187499999997
10300,1.733528125,0.322921875,0.4791718750000001,0.19790625000000003
10400,1.7314328125000003,0.320328125,0.4778281250000001,0.20184375
10500,1.732028125,0.32028124999999996,0.47770312499999995,0.20201562499999998
10600,1.7304,0.31923437499999996,0.47882812500000005,0.20193750000000002
10700,1.72611875,0.31603125,0.4816875,0.20228125000000005
10800,1.7269703125000002,0.31642187499999996,0.4813124999999999,0.20226562500000003
10900,1.7264171875,0.31662500000000016,0.48309375,0.20028125000000005
11000,1.7249374999999998,0.31568750000000007,0.4850000000000001,0.19931249999999998
11100,1.7205578125000005,0.31245312500000005,0.48857812499999986,0.19896875000000006
11200,1.7161671875,0.31203125,0.49371875000000004,0.19425000000000003
11300,1.7098265625000004,0.3109531249999999,0.4960625000000002,0.192984375
11400,1.7049234375000002,0.308953125,0.499296875,0.19174999999999998
11500,1.7076796875000002,0.3101093749999999,0.4979843750000001,0.19190625000000003
11600,1.7087781250000003,0.31023437499999995,0.49682812500000006,0.19293749999999998
11700,1.7093546874999999,0.30965625,0.49673437500000006,0.19360937499999997
11800,1.7079765624999999,0.31015624999999997,0.49778125,0.19206250000000005
11900,1.7084578125,0.31159374999999995,0.49862500000000026,0.18978124999999998
12000,1.708859375,0.309453125,0.496515625,0.19403124999999996
12100,1.7101687500000002,0.31142187500000007,0.49384375,0.19473437499999996
12200,1.7153046875000002,0.3124374999999999,0.49107812499999987,0.19648437500000013
12300,1.7185828125000007,0.3133437499999999,0.48985937500000015,0.19679687500000004
12400,1.7210234375,0.3166562500000001,0.48967187500000003,0.193671875
12500,1.7209125000000003,0.31771875,0.49151562500000007,0.19076562500000002
12600,1.726165625,0.32006249999999997,0.48775,0.1921875
12700,1.725353125,0.32137499999999997,0.4898281250000001,0.188796875
12800,1.7222031250000005,0.3202343749999999,0.49310937499999996,0.18665625000000002
12900,1.7221078125,0.3199687500000001,0.49509374999999994,0.1849375
13000,1.7189265625,0.3194375000000001,0.49609374999999983,0.18446875000000001
13100,1.7200234374999999,0.31929687500000004,0.4947187499999999,0.18598437499999992
13200,1.7209515625,0.3205781250000001,0.493703125,0.18571875
13300,1.7173953125,0.319359375,0.496890625,0.18374999999999997
13400,1.7175499999999997,0.3193749999999999,0.49481250000000004,0.18581250000000002
13500,1.7195828124999997,0.31965625,0.4954531250000001,0.184890625
13600,1.7203921875,0.32154687499999984,0.4960625,0.182390625
13700,1.720975,0.32173437499999996,0.49700000000000016,0.18126562500000007
13800,1.7198140625000005,0.3225156250000001,0.49657812500000004,0.18090625000000005
13900,1.7211000000000003,0.3216250000000001,0.494671875,0.183703125
14000,1.7195062499999993,0.3209062499999999,0.495484375,0.18360937499999994
14100,1.7229875000000003,0.3217656249999999,0.4920156250000001,0.18621875000000002
14200,1.7270765625000002,0.3228125,0.48685937500000004,0.190328125
14300,1.7289171874999998,0.3232187500000003,0.4891718749999998,0.187609375
14400,1.7301968749999999,0.32507812500000005,0.4861562499999999,0.18876562500000002
14500,1.7374812499999996,0.32665625000000004,0.4821718750000002,0.191171875
14600,1.7387343750000006,0.326921875,0.4798750000000001,0.19320312499999995
14700,1.7411109375000005,0.3285156249999999,0.47792187500000005,0.19356249999999997
14800,1.7492921874999998,0.330859375,0.471609375,0.19753125000000002
14900,1.7491453125,0.33121875,0.47473437499999993,0.19404687499999998
15000,1.7480249999999995,0.33153124999999994,0.47743750000000007,0.19103124999999993
15100,1.7486968750000003,0.3310468749999998,0.4774687500000001,0.19148437499999998
15200,1.7456046875000004,0.3311562499999999,0.4794375000000002,0.18940624999999997
15300,1.7438296875000003,0.3298437500000001,0.4816093750000001,0.188546875
15400,1.7446328125000006,0.32962500000000006,0.4794531249999999,0.19092187500000002
15500,1.7457093750000006,0.3280781250000001,0.47585937500000014,0.19606249999999997
15600,1.7516531250000007,0.33040624999999996,0.4728906250000001,0.19670312499999995
15700,1.7543500000000005,0.332796875,0.4693125,0.19789062500000001
15800,1.7519765624999992,0.332390625,0.4746093749999999,0.193
15900,1.7450359375000004,0.329453125,0.4800156250000002,0.19053125
16000,1.7380140625,0.3283906249999999,0.4847187499999999,0.18689062500000003
16100,1.7359312500000001,0.32807812499999983,0.4875312499999999,0.18439062500000003
16200,1.7369703124999996,0.3261875000000001,0.485765625,0.188046875
16300,1.738965625,0.326875,0.48354687500000004,0.18957812500000004
16400,1.7405765625,0.32703124999999994,0.48006250000000006,0.19290625
16500,1.7416375000000002,0.3260937500000001,0.47864062500000026,0.19526562499999997
16600,1.7417703125,0.3251875000000001,0.478265625,0.196546875
16700,1.7406343750000002,0.32478124999999985,0.47739062500000007,0.197828125
16800,1.737146875,0.3217187500000001,0.47915624999999984,0.19912500000000005
16900,1.7416374999999997,0.323828125,0.4747968750000001,0.20137499999999997
17000,1.7436828125000003,0.3247499999999999,0.474078125,0.20117187499999994
17100,1.7423281250000002,0.3240624999999999,0.47604687500000004,0.199890625
17200,1.7464562500000007,0.32596875000000003,0.474015625,0.20001562500000003
17300,1.7466921875000003,0.3285625,0.47617187499999997,0.19526562499999997
17400,1.7454921875000002,0.32745312500000007,0.476890625,0.19565625000000003
17500,1.745740625,0.3301875,0.47743749999999996,0.192375
17600,1.7443875000000004,0.33112499999999995,0.4798906249999999,0.18898437500000004
17700,1.7421890625000003,0.3300625,0.4817812500000001,0.18815624999999994
17800,1.7409921875000003,0.329453125,0.48035937500000003,0.1901875
17900,1.7384531250000004,0.327484375,0.4847656249999998,0.18775
18000,1.7399562499999994,0.328796875,0.48382812499999994,0.18737499999999993
18100,1.7400671874999998,0.3284999999999999,0.4836249999999999,0.18787500000000001
18200,1.7394640624999997,0.32796875000000003,0.4849531249999998,0.18707812500000004
18300,1.7417062500000002,0.329546875,0.483375,0.187078125
18400,1.7432875,0.3301093750000001,0.48378124999999994,0.18610937500000008
18500,1.7412312499999991,0.33065625000000004,0.4860625,0.18328124999999998
18600,1.7378593749999998,0.32862499999999994,0.4883124999999998,0.1830625
18700,1.7360796875000002,0.32760937500000004,0.48718750000000005,0.18520312500000002
18800,1.7346078125000002,0.32524999999999993,0.4856718749999999,0.18907812499999999
18900,1.7359609374999998,0.32560937500000003,0.48484375,0.18954687499999995
19000,1.7361874999999998,0.32498437499999994,0.4821562500000002,0.19285937499999997
19100,1.7338874999999994,0.3224531250000001,0.48428125000000005,0.19326562499999997
19200,1.7331859375,0.3212968749999999,0.48400000000000004,0.19470312499999998
19300,1.733846875,0.323953125,0.4848437500000001,0.19120312499999995
19400,1.7402031249999996,0.3270781250000001,0.48196875,0.190953125
19500,1.7445109374999996,0.32926562500000006,0.478265625,0.19246875000000005
19600,1.7463281249999998,0.32953124999999994,0.47796875000000005,0.19250000000000003
19700,1.7437499999999997,0.32785937499999995,0.4796718750000001,0.19246874999999986
19800,1.7440578125,0.32946875000000003,0.47945312500000004,0.19107812500000007
19900,1.7468703125000002,0.329703125,0.4761562500000001,0.19414062500000004
20000,1.7486203125,0.32854687499999996,0.47356249999999983,0.19789062499999996
20100,1.7474609375000008,0.32871875000000006,0.4752343749999998,0.19604687499999998
20200,1.7455906250000004,0.32759374999999996,0.47726562499999997,0.19514062499999998
20300,1.7427374999999996,0.3266874999999999,0.47943750000000007,0.19387500000000002
20400,1.73921875,0.32640625,0.48303124999999986,0.1905625
20500,1.7393562500000004,0.3269218750000001,0.481484375,0.19159374999999995
20600,1.7416328125,0.3271093750000001,0.47971875,0.19317187500000008
20700,1.7438156250000005,0.32625000000000015,0.477296875,0.196453125
20800,1.743665625,0.32637499999999997,0.476859375,0.19676562500000006
20900,1.7433734374999998,0.32656250000000003,0.4793437500000001,0.19409375
21000,1.7422265625000004,0.3262968750000001,0.482515625,0.19118749999999998
21100,1.7389187499999992,0.326078125,0.4828749999999999,0.191046875
21200,1.7354703125000006,0.3242187500000001,0.4832031250000002,0.19257812499999996
21300,1.7305390624999997,0.31998437500000004,0.48303125000000013,0.19698437500000004
21400,1.7294921875,0.31770312500000003,0.4818125,0.20048437499999996
21500,1.7249578124999994,0.317203125,0.486375,0.19642187500000002
21600,1.7285,0.31868749999999996,0.48360937500000006,0.19770312500000004
21700,1.730396875,0.3197968749999999,0.4797187499999999,0.20048437500000005
21800,1.7364625,0.32199999999999995,0.4757343749999999,0.20226562499999998
21900,1.7397109375,0.32371875,0.4768593749999999,0.19942187500000003
22000,1.7403734375,0.324390625,0.4771406250000001,0.19846875000000003
22100,1.7393796874999998,0.32474999999999987,0.47714062500000015,0.198109375
22200,1.7367906250000003,0.32259374999999996,0.47850000000000004,0.19890625000000003
22300,1.7369140624999997,0.32310937500000003,0.47871875,0.19817187500000003
22400,1.7357890624999994,0.322359375,0.4819687500000001,0.195671875
22500,1.7335093749999997,0.32240625,0.48268749999999994,0.19490625
22600,1.7321703124999994,0.3216875,0.4835468750000002,0.19476562499999997
22700,1.7381859375,0.3248281250000002,0.48051562499999984,0.19465625000000003
22800,1.738209375,0.32503125000000005,0.48234374999999996,0.19262500000000005
22900,1.7358593750000006,0.3239375,0.4817968750000001,0.19426562500000005
23000,1.7358296874999999,0.3245468749999999,0.481203125,0.19425
23100,1.7324109374999999,0.32451562500000003,0.4862656250000001,0.18921875000000002
23200,1.7274968749999997,0.321078125,0.48821875000000003,0.190703125
23300,1.7220421875,0.31764062500000007,0.4900000000000001,0.192359375
23400,1.7179640624999992,0.31609375,0.49326562499999993,0.19064062500000004
23500,1.7162078124999998,0.3160624999999999,0.49337500000000006,0.19056250000000002
23600,1.7175421874999999,0.3155625,0.4913749999999999,0.1930624999999999
23700,1.7165796875,0.31509375,0.49153125,0.19337500000000002
23800,1.7172671874999998,0.31603125000000004,0.49215624999999985,0.19181250000000002
23900,1.7181031249999998,0.3161874999999999,0.49073437500000006,0.19307812499999993
24000,1.7224781249999996,0.3179062499999999,0.48696875000000006,0.1951249999999999
24100,1.7226687500000006,0.3192812499999999,0.4897031250000002,0.191015625
24200,1.7220859375000006,0.3187031249999999,0.49175,0.18954687499999998
24300,1.724765625,0.31965625000000003,0.489390625,0.19095312499999995
24400,1.7255265625000002,0.319921875,0.4897187499999999,0.190359375
24500,1.7262859374999997,0.319859375,0.4903124999999999,0.18982812499999996
24600,1.7254500000000002,0.32012500000000005,0.49109374999999983,0.18878125000000007
24700,1.7234593749999996,0.31887499999999996,0.4911093749999999,0.190015625
24800,1.7238375000000001,0.3178593750000001,0.49014062500000005,0.19199999999999998
24900,1.723253125,0.317875,0.48960937499999996,0.19251562500000002
25000,1.720478125000001,0.317296875,0.49265624999999996,0.19004687500000006
25100,1.7216781250000004,0.3174374999999999,0.4915000000000001,0.1910625000000001
25200,1.7228234374999993,0.3180625,0.49015625,0.19178125000000001
25300,1.72585,0.3201562500000001,0.4874999999999999,0.1923437500000001
25400,1.7247546874999997,0.32009375000000007,0.4871874999999998,0.19271874999999994
25500,1.7216078125000003,0.3191562500000001,0.49124999999999985,0.18959374999999998
25600,1.7225140625000006,0.31790624999999995,0.48982812500000017,0.19226562500000002
25700,1.7241890625,0.31882812499999985,0.48923437500000017,0.1919375
25800,1.7251656249999998,0.318953125,0.4880468749999999,0.19299999999999995
25900,1.7260343749999998,0.317984375,0.48756249999999995,0.194453125
26000,1.7251828125000002,0.318125,0.4884062500000001,0.19346875000000002
26100,1.7265468749999997,0.31887499999999996,0.48553124999999997,0.19559374999999996
26200,1.7281640625,0.31854687499999995,0.48387500000000006,0.19757812500000008
26300,1.7275562499999997,0.3183124999999999,0.48454687500000004,0.19714062499999993
26400,1.7336124999999998,0.3228281250000001,0.4802187500000001,0.19695312499999995
26500,1.7368640625000005,0.32395312499999995,0.47751562499999994,0.19853125
26600,1.7396609374999998,0.3248593749999999,0.47423437500000004,0.20090625000000006
26700,1.7451249999999994,0.3257968750000001,0.46968750000000004,0.20451562500000003
26800,1.7418984375,0.3229687500000001,0.473,0.20403125000000003
26900,1.7382562500000003,0.32412500000000005,0.4764687499999999,0.19940624999999995
27000,1.739484375,0.32382812500000013,0.4770468750000002,0.199125
27100,1.7397296875,0.3255937499999999,0.4757812499999999,0.198625
27200,1.7413656249999998,0.325296875,0.47754687500000015,0.19715625000000006
27300,1.7400375000000001,0.32649999999999996,0.479859375,0.19364062499999998
27400,1.7393281249999992,0.32614062499999996,0.48120312499999995,0.19265625
27500,1.7401484374999996,0.32596875000000003,0.4789062500000001,0.19512500000000002
27600,1.7402765625,0.32579687499999993,0.47901562499999994,0.19518749999999996
27700,1.7367546875,0.32459375,0.482828125,0.19257812500000004
27800,1.7345281249999998,0.32376562500000006,0.4832500000000002,0.19298437499999999
27900,1.7330875,0.32315625,0.48482812500000005,0.19201562499999997
28000,1.7288515624999998,0.320359375,0.4863750000000001,0.19326562499999997
28100,1.7286625,0.3204218749999999,0.48729687499999996,0.19228125
28200,1.7237046875,0.3174375000000001,0.486875,0.19568750000000001
28300,1.7246124999999997,0.31748437499999976,0.4852343750000001,0.19728125000000005
28400,1.7289406250000001,0.318484375,0.48296875000000017,0.19854687500000004
28500,1.7290875000000003,0.319546875,0.48315625000000006,0.19729687499999998
28600,1.7313265625000005,0.3218437500000001,0.4834531249999999,0.19470312499999998
28700,1.7314296875000001,0.32359375000000024,0.486375,0.19003124999999993
28800,1.7327609375,0.32378125,0.48639062500000013,0.18982812500000001
28900,1.734753125,0.32571875000000006,0.48520312500000007,0.18907812499999999
29000,1.7316656250000002,0.3253437500000001,0.488671875,0.185984375
29100,1.7285921875000003,0.32289062499999993,0.4899531250000001,0.18715625
29200,1.725578124999999,0.32095312500000006,0.491734375,0.1873125
29300,1.7241234374999999,0.3201875000000001,0.491375,0.18843749999999998
29400,1.7250859375000003,0.3206562499999999,0.4905,0.18884374999999998
29500,1.7250062499999999,0.31895312499999995,0.48946874999999995,0.191578125
29600,1.7271609374999999,0.31946874999999997,0.4858906249999998,0.19464062500000004
29700,1.7236515625000006,0.3184218749999999,0.48817187500000014,0.19340625
29800,1.7225140625000002,0.31707812499999993,0.48964062499999994,0.19328125
29900,1.7224125000000001,0.31746875,0.4895625000000001,0.19296875000000002
30000,1.7217796875,0.31748437500000004,0.48759375,0.19492187500000002
30100,1.7255609375000005,0.318125,0.48535937500000004,0.19651562500000008
30200,1.7325140625,0.32106250000000003,0.48021875,0.19871875000000003
30300,1.7312093750000004,0.31965625000000003,0.48340625000000015,0.19693750000000002
30400,1.7331749999999997,0.3197812500000001,0.4838593749999999,0.19635937500000006
30500,1.733015625,0.32167187499999994,0.4853593749999999,0.19296875
30600,1.7298984374999993,0.3220156249999999,0.48845312499999993,0.18953125000000007
30700,1.7283281249999995,0.3220625000000001,0.48900000000000005,0.1889375
30800,1.726071875,0.3202187499999999,0.4904218749999999,0.18935937499999997
30900,1.727053125,0.32020312500000003,0.4857656249999999,0.19403125000000004
31000,1.7282859374999995,0.32053125000000005,0.4845625,0.19490625000000006
31100,1.7332515625000002,0.3227500000000001,0.4804531250000001,0.196796875
31200,1.7375,0.32410937500000003,0.4802187500000001,0.19567187500000005
31300,1.7358,0.3244218749999999,0.482515625,0.1930625
31400,1.73734375,0.325765625,0.48296874999999995,0.19126562500000002
31500,1.73094375,0.322703125,0.48525000000000007,0.19204687499999995
31600,1.7289390624999994,0.3219999999999999,0.4880625,0.18993750000000004
31700,1.7274171875000004,0.32021875,0.48820312499999996,0.19157812500000004
31800,1.7256421874999999,0.32028124999999985,0.49267187500000004,0.18704687500000003
31900,1.7218624999999996,0.31725000000000003,0.49334374999999997,0.18940624999999994
32000,1.7127031249999998,0.31431249999999994,0.500875,0.18481250000000005
32100,1.7095703124999997,0.3143281250000001,0.5020156250000002,0.18365625000000005
32200,1.7087000000000006,0.31284375000000003,0.4997187500000001,0.18743749999999998
32300,1.7078812500000002,0.31109375000000006,0.4981093749999999,0.19079687499999992
32400,1.7115171875000004,0.3127499999999999,0.4950625000000001,0.19218749999999998
32500,1.7113874999999996,0.3108437499999999,0.49217187500000004,0.196984375
32600,1.7144500000000003,0.3123593749999999,0.4914062500000002,0.19623437500000002
32700,1.7171828125000006,0.31434375000000003,0.49000000000000005,0.19565625000000003
32800,1.7208281250000006,0.3154218750000001,0.4883124999999999,0.19626562500000003
32900,1.7219624999999998,0.31610937499999997,0.48734375,0.19654687499999993
33000,1.7263374999999999,0.31862499999999994,0.48667187500000003,0.19470312500000006
33100,1.7276546875000007,0.31871875,0.48687500000000006,0.19440624999999995
33200,1.7309890625000004,0.32064062499999996,0.4869374999999999,0.19242187499999996
33300,1.7317390625,0.3237343750000003,0.485671875,0.19059375000000006
33400,1.7363671875000002,0.3258437499999999,0.4841093750000001,0.190046875
33500,1.737671875,0.325828125,0.48151562499999984,0.19265624999999997
33600,1.7397859375000004,0.32831249999999995,0.4804531250000002,0.19123437499999996
33700,1.7371140625000003,0.32643749999999994,0.4790625,0.19450000000000003
33800,1.7368234374999998,0.3263750000000001,0.47934375000000007,0.19428124999999996
33900,1.7373562500000002,0.32634375000000004,0.479640625,0.19401562499999994
34000,1.7340453125000002,0.32335937500000006,0.4834531249999998,0.1931875000000001
34100,1.7288796874999997,0.32309375,0.48723437499999994,0.18967187500000002
34200,1.7271687499999995,0.3221250000000001,0.48751562499999995,0.19035937500000003
34300,1.7255062499999998,0.32054687499999995,0.4896250000000001,0.18982812500000001
34400,1.7224499999999996,0.3185,0.49229687500000013,0.189203125
34500,1.7178828124999999,0.3175624999999999,0.493734375,0.18870312500000005
34600,1.7129093749999993,0.314046875,0.4989062500000001,0.18704687499999992
34700,1.7111953125000003,0.31365624999999997,0.49807812500000004,0.188265625
34800,1.7118234375,0.31465625000000014,0.49678125000000006,0.18856250000000002
34900,1.7175890624999997,0.31732812499999985,0.49415624999999996,0.18851562500000005
35000,1.720178125,0.31835937499999994,0.4920625,0.18957812500000001
35100,1.7227374999999998,0.31907812500000005,0.490984375,0.18993750000000004
35200,1.7277421874999996,0.321515625,0.4878437500000001,0.19064062499999998
35300,1.7270359375,0.32095312499999995,0.4866250000000001,0.19242187499999996
35400,1.7258796875000004,0.320703125,0.48776562500000015,0.19153125
35500,1.7283296874999996,0.32248437500000005,0.48543749999999997,0.192078125
35600,1.7290984375000003,0.3225156250000001,0.48628125,0.19120312500000003
35700,1.731184375,0.32296875,0.48454687499999993,0.192484375
35800,1.7327046875,0.32309374999999996,0.484796875,0.19210937499999994
35900,1.7332625000000002,0.32490624999999995,0.4862656250000001,0.188828125
36000,1.7330046874999998,0.32425000000000004,0.484265625,0.19148437499999998
36100,1.7360000000000002,0.32446875000000014,0.482109375,0.19342187500000005
36200,1.7336234375000001,0.3226406249999999,0.48389062499999996,0.19346875000000008
36300,1.7313718750000004,0.32221875000000005,0.48551562500000006,0.192265625
36400,1.7315203124999998,0.32356250000000003,0.4850468750000001,0.19139062499999998
36500,1.7306984375000003,0.3225156250000001,0.48625000000000007,0.1912343750000001
36600,1.727553125,0.321734375,0.48818750000000016,0.19007812499999996
36700,1.7251015625000001,0.3215624999999999,0.48873437499999994,0.18970312500000006
36800,1.7255140624999998,0.32031250000000006,0.4885156249999999,0.19117187500000002
36900,1.7219421874999998,0.31931249999999994,0.49359375,0.18709374999999998
37000,1.722053125,0.31932812499999996,0.49084374999999986,0.18982812500000004
37100,1.7220281249999996,0.319875,0.4924531250000001,0.18767187500000004
37200,1.7228375,0.3191718749999998,0.49095312500000005,0.18987500000000002
37300,1.7231140624999997,0.31956249999999986,0.48992187499999995,0.19051562499999997
37400,1.7215437499999995,0.31875,0.49292187500000006,0.188328125
37500,1.7234656249999996,0.3191562499999999,0.4917187500000001,0.18912500000000002
37600,1.7263828124999994,0.3220312500000001,0.490234375,0.18773437500000006
37700,1.7273125,0.32114062500000007,0.48907812500000003,0.18978124999999998
37800,1.7243328124999997,0.31921874999999994,0.4908125,0.18996875
37900,1.7209218749999995,0.31871875,0.49262500000000004,0.18865625
38000,1.7230781250000005,0.3190312499999999,0.489828125,0.19114062499999998
38100,1.7272687499999997,0.320640625,0.486828125,0.19253125000000001
38200,1.7306421874999998,0.32100000000000006,0.48442187499999984,0.19457812500000002
38300,1.7316234375,0.3212968749999999,0.4834062500000001,0.19529687499999998
38400,1.7307390625000003,0.3219375000000001,0.48584375000000013,0.19221875
38500,1.729309375,0.3227343749999999,0.4873906249999999,0.18987500000000002
38600,1.7301375,0.322328125,0.48618749999999994,0.191484375
38700,1.7317906250000004,0.32290625,0.4830312500000001,0.1940625
38800,1.7314062499999998,0.32256250000000003,0.4821718749999999,0.19526562500000003
38900,1.7359375000000001,0.3236562499999999,0.478828125,0.19751562499999994
39000,1.7390437499999998,0.32620312500000004,0.47875000000000006,0.19504687500000004
39100,1.7410171875,0.3261250000000001,0.4773281250000001,0.19654687499999998
39200,1.7432468749999996,0.326375,0.476109375,0.19751562499999994
39300,1.74564375,0.3266562499999999,0.4745937500000002,0.19874999999999998
39400,1.7433765625000006,0.326546875,0.477640625,0.19581249999999997
39500,1.7416281249999994,0.326921875,0.48021875,0.19285937499999997
39600,1.7398406250000005,0.32743749999999994,0.4809843750000001,0.19157812500000007
39700,1.7432937499999996,0.32870312500000015,0.4789374999999999,0.1923593750000001
39800,1.743309375,0.327984375,0.4784062499999999,0.19360937500000006
39900,1.7442890624999996,0.3265624999999999,0.4775625000000001,0.19587499999999997
40000,1.743725,0.3270156249999999,0.47753125000000013,0.19545312499999995
40100,1.7405437500000005,0.3259218749999999,0.480109375,0.19396875000000005
40200,1.7326437499999998,0.3240468750000001,0.4851406250000001,0.1908125
40300,1.7273468749999998,0.32278124999999996,0.4891562499999998,0.18806250000000002
40400,1.7238953124999996,0.3218125000000001,0.4926875,0.18549999999999997
40500,1.7176453124999997,0.31999999999999995,0.49704687499999983,0.18295312499999997
40600,1.7148843749999998,0.316515625,0.4972499999999999,0.18623437499999998
40700,1.7181890624999998,0.31632812500000007,0.4904375000000001,0.19323437499999999
40800,1.7190906250000004,0.31612500000000004,0.491671875,0.19220312500000009
40900,1.7197468749999998,0.31653125,0.49165625,0.19181250000000005
41000,1.7179578125000001,0.31507812500000004,0.4907187500000001,0.194203125
41100,1.7226031250000002,0.31917187500000005,0.49043749999999986,0.19039062500000004
41200,1.7265015625,0.31867187500000005,0.48887500000000006,0.19245312500000006
41300,1.7306843749999998,0.32009375000000007,0.48490625,0.19499999999999998
41400,1.7299328125,0.32121875,0.4865156249999999,0.19226562499999997
41500,1.7258093749999996,0.3205156249999998,0.4878125,0.19167187499999994
41600,1.7244468750000002,0.319828125,0.4889843750000002,0.1911875
41700,1.7234437500000002,0.31993750000000004,0.48923437499999994,0.19082812499999996
41800,1.7232000000000005,0.31825000000000003,0.4888437500000001,0.19290625000000003
41900,1.7229906249999998,0.31801562499999997,0.48796875,0.19401562500000002
42000,1.7261421875000003,0.31853125,0.48428124999999994,0.19718750000000002
42100,1.7241828125,0.318546875,0.48751562499999995,0.19393750000000004
42200,1.7288921875000003,0.3200781249999999,0.48476562499999976,0.19515625000000003
42300,1.7298562499999999,0.32065625000000003,0.4845625,0.19478124999999996
42400,1.725684375,0.31989062500000004,0.4919375,0.18817187500000004
42500,1.724590625,0.32093749999999993,0.4911875,0.187875
42600,1.7253156250000004,0.3217812500000001,0.49225,0.18596875
42700,1.731515625,0.32342187499999997,0.48609375000000005,0.190484375
42800,1.7359265625000007,0.32703125000000005,0.4849218750000001,0.18804687500000003
42900,1.7364453125,0.3279375000000001,0.48562500000000003,0.18643750000000006
43000,1.7362624999999998,0.32759374999999985,0.48518749999999994,0.18721875000000004
43100,1.7336375000000002,0.3265312499999999,0.4859843749999999,0.1874843750000001
43200,1.7327906249999998,0.32553124999999994,0.4872031250000001,0.18726562500000002
43300,1.7324499999999996,0.32468749999999996,0.48582812499999994,0.18948437499999995
43400,1.7345234375,0.3256562499999999,0.48610937499999995,0.18823437500000004
43500,1.7343062500000006,0.32615625000000004,0.486546875,0.187296875
43600,1.7372218750000006,0.32684375000000004,0.48274999999999996,0.19040625
43700,1.7363218750000002,0.3273281250000001,0.484375,0.18829687500000003
43800,1.7410828125000002,0.32910937500000004,0.4797343749999999,0.19115625000000006
43900,1.74381875,0.33021875,0.4772968749999999,0.19248437499999996
44000,1.7466718749999997,0.3304374999999999,0.476171875,0.193390625
44100,1.7480640624999997,0.33285937499999996,0.47712499999999997,0.19001562500000002
44200,1.7502359375,0.33379687500000005,0.47379687499999995,0.19240624999999997
44300,1.7518921875000004,0.335234375,0.4736875,0.19107812500000007
44400,1.7542078124999998,0.33559374999999986,0.4730937500000001,0.19131249999999994
44500,1.7560124999999998,0.3367656250000001,0.47356249999999994,0.18967187500000005
44600,1.7540578125000001,0.33601562500000015,0.47257812500000007,0.19140625000000006
44700,1.7568734375000004,0.336609375,0.47085937499999975,0.19253124999999996
44800,1.7565328125000006,0.33684374999999994,0.46846874999999993,0.1946875
44900,1.7582468749999995,0.33757812500000006,0.46932812500000004,0.19309375
45000,1.7590781250000007,0.33582812500000003,0.46720312500000005,0.19696874999999997
45100,1.7584437499999999,0.33559375,0.4674531249999999,0.19695312499999995
45200,1.7558218750000005,0.334203125,0.46760937499999994,0.19818749999999996
45300,1.7535968750000004,0.33265625,0.46950000000000014,0.19784374999999996
45400,1.7520640625000004,0.332171875,0.471484375,0.19634374999999998
45500,1.7552312500000005,0.333515625,0.467703125,0.19878124999999994
45600,1.7552875000000001,0.3323125000000002,0.4676406249999999,0.20004687499999999
45700,1.75553125,0.3317968749999999,0.46948437500000006,0.19871875000000008
45800,1.7527734375,0.3312812500000001,0.47025,0.19846875
45900,1.7519375000000001,0.32892187500000014,0.47073437499999976,0.20034375000000004
46000,1.7474390625,0.3284687499999999,0.47448437500000007,0.19704687499999998
46100,1.7495671875,0.328953125,0.47315624999999994,0.19789062500000004
46200,1.750278125,0.32937499999999986,0.471703125,0.19892187500000008
46300,1.7517531249999996,0.330796875,0.47003125,0.19917187500000003
46400,1.7510265625000005,0.3307343750000001,0.46934374999999995,0.199921875
46500,1.7480250000000004,0.3284375000000001,0.4733125000000001,0.19825000000000007
46600,1.7435234375000004,0.328,0.47750000000000004,0.19449999999999998
46700,1.7412265624999999,0.327203125,0.4780156250000001,0.19478125
46800,1.739665625,0.32579687499999993,0.4799375,0.194265625
46900,1.7349406249999997,0.3253437500000001,0.48281250000000003,0.19184375000000006
47000,1.7322421875000003,0.32318750000000007,0.48500000000000015,0.1918125
47100,1.7287906249999991,0.32198437499999993,0.486796875,0.19121875000000005
47200,1.7245921875000008,0.31923437499999996,0.4900625000000002,0.19070312500000003
47300,1.7211453125,0.318328125,0.492484375,0.1891875
47400,1.7205281249999993,0.31759375,0.492609375,0.18979687500000006
47500,1.7205406249999997,0.317515625,0.4915937500000001,0.19089062499999998
47600,1.7171640624999998,0.31664062500000006,0.49810937499999985,0.18525
47700,1.7154390624999996,0.3162968749999999,0.500296875,0.18340625000000002
47800,1.7136328125000004,0.31467187499999993,0.501390625,0.1839375
47900,1.7127171875,0.31435937499999994,0.49826562500000016,0.18737500000000004
48000,1.7122890625000007,0.3113125,0.49706249999999985,0.19162499999999993
48100,1.71053125,0.3118906249999999,0.498328125,0.18978125
48200,1.7096843750000004,0.3131562500000001,0.49726562500000004,0.18957812500000007
48300,1.7094937500000005,0.312296875,0.4985781250000001,0.18912499999999993
48400,1.711165625,0.3134531250000001,0.49596875000000007,0.190578125
48500,1.7176718749999995,0.31512499999999993,0.49010937499999996,0.19476562499999997
48600,1.7208109375000002,0.31620312500000003,0.4878124999999999,0.195984375
48700,1.7286843750000003,0.31787499999999996,0.482765625,0.199359375
48800,1.7333687499999995,0.32321875,0.48378124999999994,0.19300000000000003
48900,1.73544375,0.32460937500000003,0.4854687500000001,0.18992187500000002
49000,1.7309765624999995,0.32314062500000007,0.48876562500000015,0.18809374999999995
49100,1.7287078124999997,0.32273437499999996,0.4905000000000001,0.18676562500000002
49200,1.7265562500000002,0.32251562500000003,0.48992187500000006,0.1875625
49300,1.7243875000000002,0.3214687499999999,0.490296875,0.188234375
49400,1.7267125000000003,0.32050000000000006,0.48584375000000024,0.19365625
49500,1.7310187499999998,0.32110937500000003,0.48242187500000006,0.19646874999999997
49600,1.7347921874999996,0.32437499999999997,0.4818281250000001,0.19379687500000004
49700,1.7354093749999997,0.32321874999999994,0.48228125000000016,0.1945
49800,1.7334453125000002,0.3227968749999999,0.4837187499999999,0.19348437499999996
49900,1.7333968750000004,0.323359375,0.4846874999999998,0.19195312500000003
50000,1.7351093750000004,0.32348437500000016,0.48326562500000003,0.19325
50100,1.7372562500000002,0.32275000000000004,0.4788437499999999,0.19840625000000006
50200,1.73960625,0.3233437500000001,0.4782968749999999,0.19835937500000006
50300,1.739059375,0.3250781250000001,0.48124999999999984,0.19367187500000005
50400,1.7395843750000004,0.32628124999999997,0.481515625,0.19220312500000003
50500,1.7407624999999998,0.324171875,0.4804062500000001,0.19542187499999997
50600,1.7394171874999997,0.32542187499999997,0.4808281250000001,0.19374999999999995
50700,1.7378843750000006,0.3235625,0.4802812500000001,0.19615625000000003
50800,1.7381843749999997,0.32560937500000003,0.4817031250000001,0.1926875
50900,1.7309515624999998,0.319921875,0.485203125,0.19487500000000002
51000,1.7277171875000006,0.31785937499999994,0.48884374999999997,0.193296875
51100,1.7244203124999995,0.31778125,0.48962500000000003,0.19259374999999992
51200,1.7236765625,0.31887499999999996,0.49140625000000004,0.18971875
51300,1.7235734375,0.319078125,0.49154687499999994,0.18937500000000002
51400,1.7201640624999999,0.318734375,0.4927968750000001,0.18846874999999996
51500,1.7188296874999998,0.317125,0.49364062499999994,0.189234375
51600,1.7173031250000004,0.31754687500000006,0.4951093749999998,0.18734375
51700,1.7192203125,0.3163750000000001,0.49175000000000013,0.19187500000000002
51800,1.7205296875,0.31640625,0.48896875,0.194625
51900,1.727217187500001,0.31906249999999986,0.48620312499999985,0.194734375
52000,1.7354171875000004,0.322359375,0.4807656250000001,0.19687499999999997
52100,1.7394031250000002,0.3261562500000002,0.4776406250000001,0.19620312500000003
52200,1.7431171875,0.32695312499999996,0.47187500000000016,0.201171875
52300,1.7424984375000008,0.3258750000000001,0.47384375,0.20028124999999994
52400,1.74548125,0.3274531249999999,0.47610937500000006,0.1964375
52500,1.7449765625000004,0.32862500000000006,0.478734375,0.19264062500000004
52600,1.7478484375000005,0.3295000000000001,0.4750781250000002,0.19542187499999997
52700,1.7474859375,0.3308437500000001,0.47793749999999996,0.19121874999999997
52800,1.7454046875,0.33100000000000007,0.479125,0.18987500000000002
52900,1.7453921874999996,0.33018750000000013,0.47882812499999994,0.19098437499999993
53000,1.7455406250000003,0.3301875,0.47654687499999987,0.19326562500000005
53100,1.741410937499999,0.3294687499999999,0.4826718750000001,0.187859375
53200,1.7393874999999996,0.32784375,0.4831875000000001,0.1889687499999999
53300,1.741476562500001,0.328453125,0.47957812499999997,0.19196874999999994
53400,1.7393062499999998,0.3271874999999999,0.47996875,0.19284375
