step,mean_aspect_ratio,fraction_elongated,fraction_round,fraction_binary
100,1.0,0.0,1.0,0.0
200,1.1175671875000004,0.0069687500000000045,0.6865468750000001,0.306484375
300,1.1186828125,0.012906250000000008,0.695359375,0.29173437499999993
400,1.1255531250000004,0.017062500000000008,0.6800156249999998,0.30292187499999995
500,1.1337359375,0.021203124999999993,0.67690625,0.30189062499999997
600,1.1455265625000002,0.02601562499999999,0.6745625000000001,0.2994218749999999
700,1.1573953125,0.031828124999999985,0.6799375,0.288234375
800,1.17015625,0.038359375,0.6838124999999999,0.2778281249999999
900,1.18375,0.04568749999999998,0.691703125,0.2626093750000001
1000,1.1974093750000003,0.05398437499999998,0.700890625,0.24512499999999998
1100,1.2129312499999998,0.06198437499999999,0.7057656249999998,0.23224999999999996
1200,1.2309593750000003,0.07148437499999998,0.70565625,0.22285937499999997
1300,1.2465265624999997,0.08004687499999999,0.70690625,0.21304687500000002
1400,1.2624328125000002,0.08957812500000002,0.7064374999999999,0.20398437499999997
1500,1.2827281249999998,0.09854687500000002,0.7026562499999996,0.19879687499999998
1600,1.297578125,0.10689062500000003,0.70146875,0.19164062499999995
1700,1.31126875,0.11396875000000004,0.6999687499999999,0.18606249999999996
1800,1.3274968749999996,0.12164062500000002,0.6901093749999998,0.18824999999999995
1900,1.3443000000000005,0.130109375,0.6857031250000001,0.1841875
2000,1.3609687500000007,0.13887500000000003,0.6794531249999998,0.18167187500000004
2100,1.374303125,0.146015625,0.6770624999999998,0.17692187499999998
2200,1.388725,0.15265624999999997,0.6695156250000001,0.17782812500000003
2300,1.3999015625000002,0.159828125,0.6642968749999999,0.175875
2400,1.4114859375000002,0.164984375,0.6570625,0.17795312500000002
2500,1.4268437500000006,0.17071875000000003,0.648453125,0.180828125
2600,1.4378578125000006,0.17582812499999992,0.6436093749999997,0.18056250000000004
2700,1.449290625,0.18140625000000002,0.6359843749999999,0.18260937499999993
2800,1.4611640625000002,0.18703124999999995,0.628203125,0.184765625
2900,1.4733843749999997,0.19301562500000002,0.6221875000000001,0.18479687500000005
3000,1.4821093749999994,0.19628125,0.6191250000000001,0.18459375
3100,1.4878671874999994,0.20037499999999997,0.6166250000000002,0.18300000000000005
3200,1.4939640625000006,0.204,0.6139218750000001,0.18207812500000006
3300,1.5049765625,0.20796875000000006,0.6065625000000002,0.18546875
3400,1.5162187499999997,0.21307812500000003,0.5990781250000002,0.18784374999999986
3500,1.5271984375000003,0.21804687500000003,0.5939687499999999,0.18798437500000006
3600,1.5333656249999998,0.2211093750000001,0.5907031250000001,0.18818749999999995
3700,1.53525625,0.22289062499999998,0.5911406249999999,0.1859687500000001
3800,1.5373265625,0.2255000000000001,0.5916562500000003,0.18284375
3900,1.5420874999999996,0.22668749999999993,0.58665625,0.18665625
4000,1.5488968749999994,0.22959375000000004,0.5822656250000001,0.18814062499999995
4100,1.5557234374999993,0.23362500000000008,0.5790781249999999,0.18729687499999995
4200,1.5656671874999997,0.23873437500000003,0.571921875,0.18934375
4300,1.5705640625,0.241421875,0.5727031249999998,0.18587499999999998
4400,1.5750328124999995,0.24412500000000006,0.5726250000000002,0.1832500000000001
4500,1.5784609375,0.24564062500000006,0.570421875,0.18393750000000003
4600,1.5823578125000004,0.24864062500000003,0.5700000000000001,0.181359375
4700,1.5862640625000004,0.25114062500000006,0.565171875,0.18368749999999998
4800,1.5878796875000005,0.25121874999999994,0.56459375,0.18418749999999995
4900,1.5886640625,0.25006250000000013,0.5639218749999999,0.18601562500000002
5000,1.5880453125000003,0.24978124999999995,0.5649375000000002,0.1852812500000001
5100,1.5904640624999995,0.25331249999999994,0.5650937500000001,0.18159375
5200,1.5928656250000002,0.25512499999999994,0.5636562499999999,0.18121875
5300,1.5964109375,0.256140625,0.5611718750000003,0.1826875
5400,1.5974609375,0.2555,0.56096875,0.18353124999999995
5500,1.5953984375,0.25526562500000005,0.5621718750000002,0.18256249999999996
5600,1.5983593749999998,0.256328125,0.558921875,0.18474999999999997
5700,1.6018796875,0.25707812500000016,0.5585312499999999,0.18439062499999997
5800,1.6048406249999994,0.25748437500000004,0.5568750000000001,0.18564062500000003
5900,1.6053640624999994,0.25687499999999996,0.5561250000000001,0.187
6000,1.6082625,0.257546875,0.5540156249999999,0.18843749999999995
6100,1.6045468750000005,0.25676562500000005,0.5557968749999999,0.1874375
6200,1.5972734374999997,0.253515625,0.5594999999999999,0.18698437500000004
6300,1.5968921875000002,0.25540625,0.5615156250000001,0.18307812499999998
6400,1.5994218750000002,0.25671875,0.5584843749999999,0.18479687500000005
6500,1.6048640624999995,0.25851562499999997,0.55490625,0.18657812499999998
6600,1.6080328124999994,0.260234375,0.55209375,0.18767187499999996
6700,1.6155531249999997,0.264609375,0.5505625,0.18482812499999998
6800,1.62000625,0.266828125,0.54825,0.18492187500000004
6900,1.6223281250000006,0.2675000000000001,0.5479062499999999,0.18459374999999997
7000,1.6226203125,0.26707812500000006,0.5488125,0.184109375
7100,1.62355625,0.26657812499999994,0.5486093750000001,0.18481249999999996
7200,1.6228500000000006,0.26623437499999997,0.5464062499999999,0.187359375
7300,1.620176562500001,0.264875,0.545765625,0.18935937499999997
7400,1.6209796875000004,0.265390625,0.5439999999999999,0.190609375
7500,1.6184875,0.2651406250000001,0.5484374999999999,0.18642187500000004
7600,1.6180218749999997,0.26375000000000004,0.5482031249999999,0.18804687499999995
7700,1.6208406249999996,0.26498437500000005,0.5456718750000001,0.18934374999999998
7800,1.6270312500000002,0.26817187499999995,0.5409218749999999,0.19090625000000006
7900,1.6266156249999992,0.26654687500000007,0.538046875,0.19540625000000006
8000,1.6247218749999999,0.26599999999999996,0.539578125,0.194421875
8100,1.6245749999999994,0.267578125,0.540515625,0.19190625000000003
8200,1.6223187499999998,0.2646093750000001,0.54434375,0.19104687500000003
8300,1.6215921875,0.26434375000000004,0.542421875,0.19323437499999999
8400,1.6218859374999997,0.265046875,0.5451875000000002,0.189765625
8500,1.6203453125,0.26489062500000005,0.5476718749999999,0.18743749999999995
8600,1.6202156250000002,0.264359375,0.54796875,0.18767187500000004
8700,1.6195453125000006,0.26415625,0.547890625,0.18795312500000005
8800,1.6226906250000002,0.2645,0.5456718749999999,0.18982812500000001
8900,1.6222906250000004,0.26521875,0.5454374999999998,0.18934374999999998
9000,1.6265562499999995,0.26632812499999997,0.5419375000000001,0.19173437499999998
9100,1.6302078124999995,0.26831250000000006,0.538078125,0.19360937500000008
9200,1.6335343750000002,0.26974999999999993,0.5357031250000001,0.19454687500000006
9300,1.6321578124999998,0.2687031250000001,0.538671875,0.19262500000000002
9400,1.6308031250000001,0.26751562500000003,0.5389843750000001,0.1935
9500,1.6296109375,0.26825,0.5395625000000001,0.19218749999999998
9600,1.6312046875000001,0.2696093750000001,0.5389375000000001,0.191453125
9700,1.6302796875000005,0.2695624999999999,0.5417187500000001,0.18871875000000005
9800,1.6314453125000004,0.27053125000000006,0.5408124999999999,0.18865625000000003
9900,1.6343624999999995,0.2712031250000001,0.5371250000000001,0.19167187500000005
10000,1.6344468749999996,0.27296875,0.5378593749999998,0.18917187500000007
10100,1.6348234374999995,0.2721562499999999,0.537796875,0.19004687500000003
10200,1.6333390625000004,0.2728125000000001,0.5406250000000001,0.1865625
10300,1.6303499999999997,0.273703125,0.5444218750000002,0.18187499999999998
10400,1.6270078125,0.271734375,0.5467500000000001,0.181515625
10500,1.6287531249999998,0.27282812500000003,0.5449218750000001,0.18224999999999997
10600,1.630425,0.27292187500000004,0.5440156250000001,0.18306250000000002
10700,1.63540625,0.274984375,0.541265625,0.18374999999999997
10800,1.6414437499999999,0.27625000000000005,0.536390625,0.18735937499999997
10900,1.6516500000000005,0.2805937499999999,0.528078125,0.19132812499999996
11000,1.6524718749999994,0.279546875,0.5254374999999999,0.195015625
11100,1.6553781249999995,0.28157812499999996,0.5251718750000002,0.19325000000000003
11200,1.6563796875,0.282578125,0.5255156249999999,0.19190624999999994
11300,1.6591953124999999,0.28420312499999995,0.52521875,0.19057812499999996
11400,1.6609953125,0.283453125,0.524203125,0.19234374999999998
11500,1.6614609375000005,0.283234375,0.5218750000000001,0.19489062499999998
11600,1.6662249999999998,0.2853281250000001,0.51915625,0.19551562499999997
11700,1.66645625,0.2867499999999999,0.5198125,0.19343750000000004
11800,1.6668593749999991,0.2870625,0.5197656249999999,0.19317187500000005
11900,1.667934375,0.2879218750000001,0.5182343749999998,0.19384374999999998
12000,1.6738921875000006,0.29132812500000005,0.5175781249999998,0.19109375
12100,1.6751406249999996,0.2931875,0.5191093750000001,0.18770312500000003
12200,1.6787703125000004,0.29549999999999993,0.5159062499999999,0.18859374999999995
12300,1.6785843750000002,0.2952187499999999,0.515125,0.18965625000000003
12400,1.6768171874999995,0.29575,0.51846875,0.18578124999999998
12500,1.6761906249999998,0.29481250000000003,0.5203749999999999,0.1848125
12600,1.6715718750000002,0.291421875,0.5230468749999999,0.18553124999999993
12700,1.6708437499999995,0.29246875000000006,0.5231562500000001,0.18437500000000004
12800,1.6721312499999992,0.292921875,0.52403125,0.18304687499999997
12900,1.6755171875000003,0.29415625,0.51975,0.18609375000000003
13000,1.6737390625000004,0.2941093749999999,0.5185781249999999,0.18731249999999994
13100,1.6711890625000005,0.2926875,0.5217343750000001,0.18557812500000004
13200,1.6724890625000002,0.293765625,0.5194062500000002,0.18682812499999998
13300,1.6747671875000005,0.2948125,0.5190156249999999,0.186171875
13400,1.6745812500000004,0.2942812499999999,0.51396875,0.19174999999999998
13500,1.6707406249999999,0.2920937499999999,0.51709375,0.19081250000000002
13600,1.6709640625000004,0.29081250000000003,0.5166093750000001,0.19257812500000002
13700,1.6689078124999999,0.2910624999999999,0.5204062499999998,0.18853125
13800,1.6701937500000001,0.29289062500000007,0.521546875,0.1855625
13900,1.6725609374999995,0.2912812500000001,0.5196718750000002,0.18904687499999998
14000,1.667225,0.289453125,0.5212500000000001,0.18929687500000003
14100,1.6640000000000004,0.28892187499999994,0.524625,0.186453125
14200,1.6649234374999995,0.2891718749999999,0.5246718749999999,0.18615625000000002
14300,1.6701046875,0.2912656250000001,0.521765625,0.18696875000000007
14400,1.6709015624999997,0.29109375000000004,0.5195,0.18940625000000005
14500,1.6724093750000002,0.29043750000000007,0.5189843750000002,0.19057812500000004
14600,1.6726000000000003,0.29104687500000004,0.5175000000000001,0.19145312500000003
14700,1.6733109375,0.29131250000000003,0.5179531250000001,0.19073437499999998
14800,1.6693249999999997,0.289734375,0.5238593749999999,0.18640625
14900,1.6649328124999996,0.28921875,0.5268124999999999,0.1839687499999999
15000,1.6604406250000003,0.286984375,0.5284375000000001,0.18457812499999995
15100,1.6626031250000002,0.28768750000000015,0.5269062499999999,0.18540625
15200,1.6610750000000005,0.28653125,0.5282968750000001,0.18517187499999999
15300,1.6572703125000006,0.2865625,0.5322187499999997,0.18121875000000007
15400,1.6572703125,0.28701562500000005,0.532515625,0.18046875000000004
15500,1.6528312500000004,0.2845468750000001,0.5347968750000002,0.18065624999999996
15600,1.6523171874999998,0.28392187500000005,0.53396875,0.1821093750000001
15700,1.6498421875000007,0.2818281250000001,0.5343281249999999,0.18384375000000006
15800,1.6511890624999999,0.28134375,0.5306718750000001,0.18798437499999998
15900,1.6471671875,0.27834375,0.5318281250000002,0.18982812500000001
16000,1.6460093750000002,0.27929687500000006,0.53290625,0.18779687499999995
16100,1.6490140625000005,0.28142187500000004,0.5307499999999999,0.18782812500000004
16200,1.6513984375000004,0.28237500000000004,0.5284843750000001,0.189140625
16300,1.6496734374999997,0.280609375,0.5266249999999999,0.19276562500000002
16400,1.6512140624999996,0.279984375,0.5259218750000001,0.19409375
16500,1.6532968750000003,0.28073437500000015,0.52675,0.19251562499999997
16600,1.6580578125,0.282328125,0.5231406249999998,0.19453124999999993
16700,1.657667187499999,0.28371875,0.527609375,0.18867187500000004
16800,1.6564374999999998,0.28429687499999995,0.5283906249999999,0.1873125
16900,1.6580390624999999,0.28503124999999985,0.5280156250000001,0.18695312500000003
17000,1.6555375,0.284671875,0.5302656250000001,0.18506250000000007
17100,1.6528640624999997,0.284875,0.533515625,0.18160937500000002
17200,1.6532031250000006,0.28492187500000005,0.5353437499999999,0.17973437499999997
17300,1.6510265624999996,0.28375000000000006,0.5349531249999999,0.18129687499999997
17400,1.6498546875000004,0.28184375,0.5360468749999999,0.182109375
17500,1.6461640625,0.279953125,0.5363125000000002,0.183734375
17600,1.643228125,0.2783125000000001,0.535796875,0.18589062499999998
17700,1.6403609374999994,0.2765468749999999,0.5384375,0.185015625
17800,1.6417953125000002,0.2771875,0.537359375,0.185453125
17900,1.63816875,0.27596875000000004,0.5394375,0.18459375
18000,1.6408515625000002,0.2760156250000001,0.53746875,0.18651562500000002
18100,1.6420015625000004,0.2763750000000001,0.5355937500000001,0.18803124999999996
18200,1.641646875,0.27617187499999996,0.53684375,0.18698437499999998
18300,1.6409515624999993,0.27684375,0.5375468750000002,0.18560937499999997
18400,1.6393265624999998,0.27579687500000005,0.5385781249999999,0.18562499999999996
18500,1.6385953125000001,0.2743125000000001,0.538171875,0.18751562499999996
18600,1.6379031249999991,0.27526562500000007,0.54215625,0.18257812499999998
18700,1.6393015625,0.27493749999999995,0.541828125,0.18323437499999998
18800,1.6389140624999998,0.2739218749999999,0.5390468749999999,0.18703124999999998
18900,1.6369859375,0.27317187500000006,0.5401093749999999,0.18671874999999996
19000,1.635515625,0.2733906250000001,0.5431406249999999,0.18346875000000004
19100,1.6366265624999996,0.27404687499999997,0.5420937499999998,0.183859375
19200,1.6365000000000003,0.27365625,0.5428281250000002,0.18351562500000004
19300,1.6371328125000006,0.275359375,0.542671875,0.18196874999999993
19400,1.6362578124999998,0.274421875,0.5417812499999999,0.18379687499999997
19500,1.6370546875,0.2743437500000001,0.539421875,0.18623437499999995
19600,1.6416312500000003,0.27590625,0.5365156250000002,0.18757812499999998
19700,1.6437124999999997,0.2760000000000001,0.535296875,0.18870312499999997
19800,1.6437874999999997,0.2769375,0.5343125000000002,0.18875000000000006
19900,1.6413703125000003,0.2751093749999999,0.5355781249999998,0.18931250000000002
20000,1.6368562499999995,0.274546875,0.538859375,0.18659375000000003
20100,1.6353734374999997,0.27203125000000006,0.538859375,0.18910937499999997
20200,1.6351828125,0.271953125,0.538796875,0.18925
20300,1.6367562500000004,0.2720625,0.5361718750000001,0.19176562500000008
20400,1.6404484375000001,0.27374999999999994,0.536203125,0.190046875
20500,1.6397499999999998,0.273125,0.5379843749999997,0.18889062499999998
20600,1.6359796875000006,0.2720937500000001,0.5402500000000001,0.18765625
20700,1.632434375,0.2709375000000001,0.542609375,0.18645312500000005
20800,1.6329593749999995,0.27115625,0.5390937500000001,0.18975000000000006
20900,1.6375546875,0.27153124999999995,0.5358749999999999,0.19259375000000004
21000,1.6377109375,0.271921875,0.5363906249999998,0.19168750000000007
21100,1.6376109374999999,0.272734375,0.5356718750000001,0.19159375
21200,1.6384859375,0.271765625,0.5338437499999998,0.19439062499999998
21300,1.6425171875,0.27349999999999997,0.5315312500000001,0.19496875000000002
21400,1.6480218750000002,0.27487500000000004,0.5276093749999999,0.19751562499999994
21500,1.6491203125,0.276953125,0.527796875,0.19524999999999998
21600,1.6482609374999997,0.27762499999999996,0.5286718750000001,0.19370312500000006
21700,1.6502578124999996,0.2779999999999999,0.5297499999999999,0.19224999999999992
21800,1.6481359375000002,0.278171875,0.53046875,0.191359375
21900,1.64395625,0.2761406249999999,0.5350937499999999,0.18876562500000002
22000,1.6368312500000004,0.27490625,0.540265625,0.18482812499999998
22100,1.6356531250000002,0.2741093750000001,0.540234375,0.18565625000000008
22200,1.637440625,0.27487500000000004,0.5391093749999999,0.18601562500000002
22300,1.6377796875000001,0.2740000000000001,0.53825,0.18775000000000003
22400,1.6364593749999996,0.27382812500000003,0.536921875,0.18925
22500,1.6341515624999998,0.27404687500000013,0.5401874999999999,0.185765625
22600,1.6330874999999998,0.27148437500000006,0.5401874999999999,0.18832812499999999
22700,1.6328874999999994,0.2734687500000001,0.541328125,0.18520312500000002
22800,1.6325124999999996,0.274078125,0.5419218749999999,0.184
22900,1.632471875,0.2733437500000001,0.5428281249999999,0.183828125
23000,1.6335937500000004,0.2736406249999999,0.5417031250000001,0.18465625
23100,1.6360546874999997,0.2745625000000001,0.5399531249999999,0.185484375
23200,1.6376718750000003,0.27540624999999996,0.5394531249999999,0.18514062499999995
23300,1.635471875,0.27492187500000004,0.541984375,0.18309375
23400,1.6370484374999996,0.2749531249999999,0.540671875,0.18437500000000004
23500,1.6335249999999997,0.27409374999999997,0.54553125,0.180375
23600,1.6330312499999997,0.27409374999999997,0.5452343749999999,0.180671875
23700,1.6318812500000004,0.274171875,0.5465000000000002,0.17932812499999998
23800,1.6255062500000002,0.2694687499999999,0.5495781250000001,0.18095312499999996
23900,1.6238749999999997,0.268140625,0.5482343749999999,0.18362499999999995
24000,1.6224812499999997,0.26754687499999996,0.5472499999999999,0.18520312500000005
24100,1.6248874999999998,0.26781249999999995,0.543734375,0.188453125
24200,1.6251171875000003,0.26710937500000004,0.5411093749999999,0.19178125000000001
24300,1.6297437500000003,0.26943749999999994,0.5395312499999999,0.19103125000000004
24400,1.6347406249999998,0.272578125,0.5351718750000001,0.19225
24500,1.6379968749999994,0.2742812499999999,0.5341874999999997,0.19153125
24600,1.6425343749999997,0.2765937500000001,0.53365625,0.18974999999999997
24700,1.6440437500000002,0.278078125,0.5344687499999999,0.187453125
24800,1.6474890625,0.27992187500000004,0.5316874999999999,0.18839062500000003
24900,1.6466687499999997,0.2796874999999999,0.5312656250000001,0.1890468750000001
25000,1.6466218750000006,0.28071874999999996,0.535109375,0.18417187499999993
25100,1.6474296874999999,0.281,0.5358593749999999,0.18314062500000003
25200,1.6458046874999992,0.28078125000000004,0.536921875,0.18229687500000008
25300,1.64189375,0.27939062500000006,0.53815625,0.182453125
25400,1.6411890624999999,0.278625,0.539890625,0.181484375
25500,1.6374640624999997,0.276484375,0.5405468750000001,0.18296875
25600,1.6348999999999998,0.2761718749999999,0.541953125,0.18187499999999998
25700,1.6310093750000003,0.27482812500000015,0.5442656250000001,0.18090625000000005
25800,1.6275640624999999,0.2729687500000001,0.5443281249999999,0.18270312499999994
25900,1.6256359374999998,0.270328125,0.5439531249999999,0.18571875
26000,1.6249374999999997,0.26949999999999996,0.5447187500000003,0.18578125
26100,1.6258390625,0.26896875000000003,0.5422656250000002,0.18876562499999994
26200,1.6265703125000002,0.26940625000000007,0.5422656249999999,0.18832812500000004
26300,1.6331546875000003,0.2728906249999999,0.5367812500000001,0.19032812500000001
26400,1.6383031249999993,0.27660937499999994,0.5369374999999998,0.18645312500000008
26500,1.6418625000000004,0.275890625,0.5343437500000001,0.189765625
26600,1.6409203124999998,0.2762812500000001,0.533796875,0.18992187499999996
26700,1.6401515624999996,0.27626562499999996,0.53659375,0.187140625
26800,1.6390453124999995,0.2753124999999999,0.5354531250000001,0.18923437499999998
26900,1.6334968750000007,0.27275,0.5398437499999998,0.18740625
27000,1.6335499999999998,0.27339062500000016,0.541375,0.1852343749999999
27100,1.6325546874999999,0.27334374999999994,0.540421875,0.18623437499999992
27200,1.6337124999999997,0.2735,0.5422343749999997,0.18426562499999993
27300,1.6362843750000005,0.27506250000000004,0.5413125000000002,0.183625
27400,1.6387406249999998,0.2758125,0.538203125,0.18598437499999992
27500,1.6413984374999995,0.27653124999999995,0.5370625000000001,0.18640625
27600,1.6424937499999994,0.27914062500000003,0.5376250000000001,0.18323437499999998
27700,1.6455984375000001,0.279828125,0.5366093750000003,0.1835624999999999
27800,1.6485124999999998,0.280078125,0.531796875,0.18812500000000007
27900,1.6482687499999995,0.28045312499999986,0.5331093750000001,0.18643749999999995
28000,1.6499281249999997,0.280421875,0.5326093749999998,0.18696875000000002
28100,1.6581765624999998,0.28520312500000017,0.526796875,0.18799999999999994
28200,1.6628953124999994,0.28875000000000006,0.5274375,0.18381250000000002
28300,1.6661468750000001,0.28954687500000004,0.5247343750000001,0.18571875000000002
28400,1.6668265625000005,0.29153124999999996,0.524390625,0.184078125
28500,1.6702890625,0.2922499999999999,0.5205,0.18725
28600,1.6719718749999997,0.29353124999999997,0.5199218749999999,0.18654687499999997
28700,1.671184375,0.2932031250000002,0.519546875,0.18724999999999997
28800,1.67000625,0.292703125,0.5205625,0.18673437499999998
28900,1.6694468749999996,0.293203125,0.52196875,0.18482812500000004
29000,1.6703765625,0.29500000000000004,0.523078125,0.18192187499999998
29100,1.6698296875000003,0.2937343749999999,0.522671875,0.18359374999999994
29200,1.6706453124999996,0.29415624999999984,0.5204531250000002,0.18539062499999998
29300,1.6744921875,0.29467187500000014,0.5183593750000001,0.18696874999999996
29400,1.6788703125000006,0.29600000000000004,0.5138906249999999,0.19010937500000002
29500,1.6851859375,0.29785937500000004,0.5095312500000001,0.19260937500000005
29600,1.6844359374999993,0.29909375,0.5107343750000001,0.19017187499999993
29700,1.6814828124999996,0.2979687499999999,0.5151562499999999,0.18687500000000004
29800,1.6819406250000002,0.30004687499999994,0.5171718750000002,0.18278124999999998
29900,1.6798546875,0.29990625,0.5201406249999999,0.17995312500000007
30000,1.6764312500000003,0.298546875,0.5227343750000001,0.17871875000000004
30100,1.674025,0.29799999999999993,0.5230937499999999,0.17890625000000004
30200,1.6682421875000002,0.29470312500000007,0.5273125000000001,0.17798437500000003
30300,1.6639546875,0.2910625,0.5276249999999999,0.18131250000000002
30400,1.6629374999999995,0.2909999999999999,0.528625,0.18037500000000004
30500,1.66486875,0.291375,0.5267187500000001,0.18190624999999996
30600,1.6624468750000005,0.2910625,0.530875,0.17806249999999996
30700,1.6613250000000004,0.29024999999999995,0.5288593750000001,0.18089062499999992
30800,1.6617656250000004,0.29023437500000004,0.5292812500000001,0.18048437499999992
30900,1.6596328125000002,0.2893437499999999,0.5280156250000002,0.18264062499999995
31000,1.6638109374999996,0.28893749999999996,0.5250625,0.186
31100,1.6633765624999999,0.28748437499999996,0.524265625,0.18825000000000003
31200,1.6644921875000005,0.28889062499999985,0.524265625,0.18684374999999995
31300,1.6629203125,0.2865781249999999,0.522765625,0.19065625000000008
31400,1.6603031249999995,0.28540625,0.5241718749999998,0.19042187499999993
31500,1.6607859374999998,0.286109375,0.5263750000000001,0.18751562499999996
31600,1.6583515624999998,0.28571874999999997,0.5287343750000001,0.18554687499999997
31700,1.65538125,0.28496875,0.5310937500000001,0.1839375
31800,1.6583671875,0.2877968750000001,0.5313437500000001,0.18085937499999996
31900,1.6577109375,0.287203125,0.531328125,0.18146875000000004
32000,1.6554265624999998,0.2864687500000001,0.5349062500000001,0.17862500000000003
32100,1.6568546875,0.286796875,0.5305156249999998,0.1826875
32200,1.6629906249999997,0.28815624999999995,0.5261874999999999,0.18565624999999997
32300,1.6673437500000003,0.28898437500000007,0.5212031250000001,0.18981250000000002
32400,1.6678375000000005,0.28726562499999997,0.5198750000000001,0.192859375
32500,1.6701421875,0.28807812499999985,0.51840625,0.19351562500000005
32600,1.6662703124999998,0.2878125000000001,0.5232656250000002,0.188921875
32700,1.6692890625,0.29001562499999994,0.520453125,0.18953125000000004
32800,1.6733515625,0.29217187499999997,0.5187812500000001,0.18904687499999998
32900,1.6775765625000003,0.29539062499999996,0.51640625,0.18820312499999997
33000,1.681978125,0.2966875,0.51271875,0.19059374999999998
33100,1.6843093749999996,0.296828125,0.5135312500000001,0.18964062499999995
33200,1.6858624999999996,0.29903124999999997,0.5153125000000001,0.18565625000000005
33300,1.6849843750000002,0.299625,0.5165156250000001,0.18385937500000005
33400,1.68548125,0.2996562500000001,0.516109375,0.184234375
33500,1.6837578125000006,0.29904687500000016,0.5180000000000001,0.18295312499999997
33600,1.6803968749999998,0.29673437500000005,0.5197812500000001,0.18348437499999995
33700,1.6762921875000005,0.29393749999999996,0.5209531250000001,0.18510937499999994
33800,1.6677437500000005,0.29226562500000003,0.52925,0.178484375
33900,1.6642046874999996,0.28987499999999994,0.5285,0.18162499999999998
34000,1.6586437500000002,0.28765625000000006,0.530484375,0.18185937499999993
34100,1.6566234374999997,0.28626562499999997,0.5280624999999999,0.18567187499999996
34200,1.65438125,0.286671875,0.53265625,0.18067187499999998
34300,1.6544906249999995,0.28625000000000006,0.5325468749999998,0.18120312499999996
34400,1.656749999999999,0.28557812500000007,0.5326093749999999,0.18181250000000002
34500,1.6579796875,0.28717187499999997,0.5312343749999999,0.18159375000000003
34600,1.656078125,0.287,0.535671875,0.17732812500000003
34700,1.6577484374999998,0.28734375,0.5318124999999999,0.18084375
34800,1.6554890624999994,0.28648437500000007,0.5344687499999999,0.17904687500000002
34900,1.6527265625000003,0.28404687500000003,0.535671875,0.18028125000000006
35000,1.6524390625000005,0.284109375,0.5337343750000001,0.18215624999999996
35100,1.6482406249999997,0.2810625,0.534,0.1849374999999999
35200,1.65101875,0.28239062499999995,0.5327031249999998,0.18490624999999997
35300,1.6570250000000004,0.28546875,0.5287499999999998,0.18578124999999993
35400,1.660246875,0.2873125000000001,0.5289531249999999,0.18373437499999998
35500,1.6585359375000004,0.286328125,0.53071875,0.18295312499999994
35600,1.6566375,0.28579687499999995,0.53084375,0.18335937499999996
35700,1.6583187500000007,0.28534374999999995,0.52959375,0.18506250000000002
35800,1.6609109375000002,0.28554687500000003,0.5255625,0.18889062499999995
35900,1.6616812499999996,0.2860624999999999,0.5259062499999999,0.18803124999999998
36000,1.6568109375000002,0.28462499999999996,0.5279531249999999,0.18742187499999996
36100,1.6575703124999996,0.28328125,0.5255781250000001,0.19114062499999998
36200,1.6591359375,0.282875,0.52359375,0.1935312499999999
36300,1.6585609375,0.28289062499999995,0.522984375,0.19412500000000002
36400,1.6636999999999988,0.2847812500000001,0.5169843749999998,0.19823437500000005
36500,1.6663656250000003,0.28684375000000006,0.5195156250000001,0.193640625
36600,1.6656687499999994,0.28759375,0.5201874999999999,0.19221875
36700,1.6629734375000003,0.28775,0.523125,0.18912500000000002
36800,1.6622609375,0.2860468749999999,0.524203125,0.18975000000000003
36900,1.6582687500000006,0.28445312500000003,0.5260625000000001,0.18948437499999995
37000,1.6575781250000006,0.2836093750000001,0.527359375,0.18903124999999993
37100,1.656015625,0.28290624999999997,0.528265625,0.18882812499999999
37200,1.6565359375,0.2829375,0.52496875,0.19209375
37300,1.6549609375000005,0.2811875,0.5282656250000001,0.19054687499999995
37400,1.6557031250000005,0.2814218750000001,0.527765625,0.19081250000000002
37500,1.6561812499999997,0.28240625,0.5290468750000001,0.18854687500000006
37600,1.6579515624999999,0.28370312499999994,0.5301718749999998,0.1861250000000001
37700,1.6522703124999993,0.2813124999999999,0.5340000000000001,0.18468749999999998
37800,1.6482343749999993,0.27935937499999997,0.5336406250000001,0.18699999999999997
37900,1.6447562500000001,0.27857812499999995,0.53540625,0.18601562500000002
38000,1.641134375,0.27793750000000006,0.538328125,0.18373437499999995
38100,1.6409765624999997,0.2765625,0.539421875,0.184015625
38200,1.6382234375000007,0.27525,0.5428281250000002,0.181921875
38300,1.6367500000000004,0.27598437499999995,0.542484375,0.18153125000000003
38400,1.634553125,0.275375,0.5440937499999998,0.18053125
38500,1.6345625000000004,0.27617187500000007,0.5444843749999999,0.1793437499999999
38600,1.6357781249999994,0.27728125000000003,0.5431093750000001,0.17960937499999993
38700,1.6352781249999997,0.277390625,0.546875,0.17573437499999997
38800,1.6387312500000002,0.27889062500000006,0.545046875,0.1760625
38900,1.6391390625000002,0.27990624999999997,0.5454531250000001,0.17464062499999997
39000,1.640846875,0.2793593750000001,0.5444062500000001,0.17623437499999992
39100,1.643153125,0.27956250000000005,0.5404531250000001,0.179984375
39200,1.6436578125000003,0.27884375000000006,0.5392656250000001,0.18189062499999997
39300,1.6458078125,0.277765625,0.5329375,0.18929687500000006
39400,1.6468703125000006,0.27856250000000005,0.5337656249999998,0.18767187500000004
39500,1.6485015625000004,0.27962500000000007,0.53140625,0.18896874999999996
39600,1.6518484375000002,0.280734375,0.5300156250000001,0.18925000000000003
39700,1.6544984374999998,0.2805,0.526578125,0.19292187500000002
39800,1.6537203124999995,0.28090625,0.529484375,0.189609375
39900,1.6537453125,0.2811406250000001,0.5292187500000002,0.189640625
40000,1.6471374999999997,0.2783125000000002,0.5360625000000001,0.18562500000000007
40100,1.6422124999999999,0.2778749999999999,0.53996875,0.18215625000000005
40200,1.6381078125000001,0.27699999999999997,0.542578125,0.18042187500000004
40300,1.6349812500000003,0.27581249999999996,0.541890625,0.182296875
40400,1.6375968750000003,0.27601562500000004,0.543796875,0.18018749999999997
40500,1.6324515624999996,0.27409374999999997,0.54703125,0.17887499999999998
40600,1.6269000000000007,0.27242187500000004,0.549921875,0.17765624999999993
40700,1.6234078124999998,0.27015625,0.550625,0.17921875000000004
40800,1.625425,0.27107812500000006,0.5486249999999998,0.18029687500000002
40900,1.6245640625000006,0.2700937500000001,0.5485312499999999,0.18137500000000006
41000,1.627795312499999,0.27089062500000005,0.5457187500000003,0.18339062500000003
41100,1.6307187500000002,0.271515625,0.5449531249999998,0.18353125000000003
41200,1.6340124999999999,0.27260937499999993,0.541734375,0.18565625
41300,1.6345968749999997,0.27293750000000006,0.541171875,0.185890625
41400,1.6334796875000004,0.2716406250000001,0.5407968750000001,0.1875625
41500,1.6338234375000007,0.2720625000000001,0.541421875,0.18651562500000005
41600,1.6335593749999997,0.2722187500000001,0.5398125,0.18796875
41700,1.6355390625,0.2725000000000001,0.538578125,0.18892187500000004
41800,1.6355093750000005,0.27212499999999995,0.5385781249999999,0.18929687499999995
41900,1.6346500000000002,0.271875,0.5394843749999999,0.18864062499999998
42000,1.6310015624999996,0.2697812500000001,0.542625,0.18759375
42100,1.6291937500000004,0.26979687500000005,0.5419375000000002,0.188265625
42200,1.6308187499999995,0.27157812499999995,0.5414062500000001,0.18701562500000005
42300,1.6325453125000002,0.27214062499999997,0.542703125,0.18515625000000002
42400,1.6355218750000002,0.273625,0.5408593749999999,0.18551562500000002
42500,1.6347953124999999,0.274859375,0.5431562500000001,0.181984375
42600,1.6321828124999995,0.273609375,0.54509375,0.18129687499999997
42700,1.6358343750000004,0.275578125,0.5427500000000001,0.181671875
42800,1.6393437499999997,0.27721875,0.5393749999999999,0.18340624999999997
42900,1.6384390624999996,0.2773125000000001,0.5410312500000001,0.18165625
43000,1.6387687500000003,0.276765625,0.5410468749999999,0.1821875
43100,1.6348203125000005,0.274953125,0.543265625,0.18178125000000006
43200,1.6324015625000003,0.27345312499999996,0.5430937499999998,0.183453125
43300,1.634621875,0.27292187500000015,0.54021875,0.18685937500000002
43400,1.6379000000000001,0.2739687499999999,0.536359375,0.18967187499999993
43500,1.6401140625,0.2760937499999999,0.5366249999999997,0.18728124999999998
43600,1.6408343750000003,0.27598437500000006,0.5373906249999999,0.18662499999999999
43700,1.6395296875000005,0.27634375000000005,0.536796875,0.18685937500000008
43800,1.6388656249999995,0.27859375000000014,0.5390781250000001,0.18232812500000004
43900,1.6382765624999998,0.277515625,0.53946875,0.183015625
44000,1.6377796874999997,0.2775625,0.5405000000000001,0.18193750000000006
44100,1.6385218749999997,0.27799999999999997,0.5406406249999999,0.18135937499999996
44200,1.638484375,0.27734375000000006,0.5400937499999999,0.1825625
44300,1.6396328125000004,0.277640625,0.5402343749999999,0.18212499999999993
44400,1.6391234374999997,0.2769375,0.5412343749999997,0.18182812499999995
44500,1.6368046874999997,0.275375,0.540125,0.18450000000000003
44600,1.6381656249999998,0.276671875,0.5379531250000001,0.18537499999999993
44700,1.6399953125000002,0.276140625,0.5375468749999999,0.1863125
44800,1.6397015625,0.27778125000000004,0.536515625,0.18570312500000002
44900,1.6427250000000002,0.27806249999999993,0.53425,0.1876875
45000,1.6438593750000003,0.276765625,0.53296875,0.190265625
45100,1.6437109375,0.27732812500000004,0.534359375,0.18831249999999994
45200,1.6422359375,0.2751718749999999,0.5333281250000003,0.1915
45300,1.6426796875,0.2762968750000001,0.53553125,0.18817187499999996
45400,1.6455296875,0.27723437500000003,0.53434375,0.18842187500000004
45500,1.6427734374999996,0.276578125,0.5375000000000001,0.18592187500000001
45600,1.6417234375,0.277703125,0.5377812499999998,0.18451562500000002
45700,1.6402937499999997,0.27728124999999987,0.5396250000000001,0.18309375000000003
45800,1.6419765624999993,0.279203125,0.5396249999999999,0.18117187500000007
45900,1.6459859374999994,0.27984374999999995,0.5346562499999999,0.18550000000000003
46000,1.6515374999999999,0.28278124999999993,0.5346562499999998,0.18256250000000002
46100,1.6504812499999997,0.28365624999999994,0.536484375,0.17985937500000002
46200,1.6487765625000004,0.28192187500000004,0.5376562500000003,0.18042187500000004
46300,1.6527484374999994,0.28276562499999996,0.53221875,0.18501562499999996
46400,1.6576171875000008,0.283375,0.5264375,0.19018750000000004
46500,1.6611812500000003,0.283671875,0.5236718749999999,0.19265625
46600,1.6609250000000007,0.28368750000000004,0.523484375,0.192828125
46700,1.6603718749999998,0.28426562499999997,0.5241093750000001,0.19162500000000002
46800,1.6615015624999996,0.285921875,0.525578125,0.18850000000000003
46900,1.6622546874999997,0.2871093750000001,0.5276875,0.185203125
47000,1.6626453125,0.2875156249999999,0.52265625,0.18982812500000001
47100,1.6620906250000005,0.288390625,0.5245000000000001,0.187109375
47200,1.6649078125000003,0.29029687499999984,0.52478125,0.18492187499999999
47300,1.6681328125000008,0.29067187499999997,0.522453125,0.18687500000000007
47400,1.6742156249999993,0.29390625000000004,0.516609375,0.18948437500000007
47500,1.6762687499999998,0.29489062500000013,0.5164062500000001,0.188703125
47600,1.6806453125000007,0.29678125000000005,0.513140625,0.19007812500000004
47700,1.68194375,0.29731250000000004,0.5124062500000001,0.19028124999999999
47800,1.6845343749999997,0.297609375,0.50996875,0.19242187500000005
47900,1.6855984375,0.29851562499999995,0.509109375,0.19237500000000005
48000,1.6843031249999998,0.2987812500000001,0.5119218750000001,0.1892968750000001
48100,1.6839640624999996,0.29856249999999984,0.512703125,0.18873437499999998
48200,1.6864875000000004,0.30062500000000003,0.5113437500000001,0.18803125000000004
48300,1.6845812500000001,0.30010937499999996,0.510328125,0.18956250000000002
48400,1.68706875,0.30057812500000003,0.5105000000000001,0.188921875
48500,1.6871515625000004,0.30093749999999997,0.5123906249999999,0.1866718749999999
48600,1.6867515625,0.30106250000000007,0.513140625,0.18579687499999997
48700,1.6855453125000006,0.30182812499999995,0.515828125,0.18234375
48800,1.6854984375000004,0.30068750000000005,0.5133281249999999,0.18598437499999998
48900,1.6842437500000005,0.3012968750000001,0.5145000000000001,0.18420312499999997
49000,1.6830390624999993,0.3005937500000001,0.5158125,0.18359374999999997
49100,1.6797171874999999,0.29878125000000005,0.5192968750000001,0.18192187500000007
49200,1.6786937500000008,0.297921875,0.5201718750000001,0.18190625
49300,1.676937499999999,0.29665624999999995,0.520171875,0.183171875
49400,1.6768703125000002,0.298296875,0.5194999999999999,0.18220312499999994
49500,1.6763187499999999,0.2981718749999999,0.5215625000000002,0.180265625
49600,1.6768953125,0.29789062499999996,0.5202187500000001,0.181890625
49700,1.6772765624999997,0.29726562500000003,0.5168125,0.18592187499999996
49800,1.6755640625,0.297390625,0.5211562500000001,0.181453125
49900,1.6805609374999995,0.29992187499999995,0.5158437500000002,0.18423437499999995
50000,1.6903343749999997,0.3028906249999999,0.5094375,0.18767187499999988
50100,1.694784375,0.3053437499999999,0.5082343750000001,0.18642187500000001
50200,1.698146875,0.30809375,0.50496875,0.1869375
50300,1.7011515625000007,0.30856249999999996,0.5027656249999998,0.188671875
50400,1.7051828125000001,0.310484375,0.5000468749999999,0.18946875000000005
50500,1.7081046874999997,0.31150000000000005,0.4981718750000001,0.19032812500000001
50600,1.7094812499999998,0.3119687500000001,0.49948437500000004,0.188546875
50700,1.7098875000000002,0.31245312500000005,0.4998750000000003,0.18767187500000004
50800,1.714459375,0.3140937500000001,0.49546875,0.19043749999999998
50900,1.7148328124999996,0.314875,0.4966562500000001,0.18846875
51000,1.7156546874999998,0.3161875000000002,0.49751562499999985,0.18629687499999997
51100,1.7150859374999998,0.3152499999999999,0.49628124999999995,0.18846875000000002
51200,1.7163203125000004,0.315046875,0.49431250000000004,0.19064062499999998
51300,1.7197859374999998,0.31573437500000007,0.49285937500000004,0.19140625000000003
51400,1.7168125000000005,0.3154062500000001,0.49368750000000006,0.19090624999999997
51500,1.7189343750000001,0.315578125,0.4915312500000002,0.19289062500000004
51600,1.7209296875000002,0.31746874999999997,0.49075000000000013,0.19178125000000001
51700,1.7223531250000004,0.31790625,0.49225,0.18984375
51800,1.717478124999999,0.3175,0.4999999999999999,0.1825
51900,1.7114656250000002,0.31310937499999986,0.5016093749999999,0.18528124999999998
52000,1.7094828125000003,0.31231249999999994,0.5020000000000001,0.18568750000000003
52100,1.7057546874999991,0.31098437500000004,0.505375,0.18364062500000003
52200,1.7026000000000003,0.308125,0.5067812500000001,0.18509374999999997
52300,1.7007359374999997,0.3056562500000001,0.5070625,0.18728125
52400,1.6990562500000004,0.30490624999999993,0.5064062500000001,0.18868750000000004
52500,1.7005859374999999,0.30596874999999996,0.5031249999999999,0.19090625
52600,1.6993171875,0.30656249999999996,0.50496875,0.18846875
52700,1.6998421874999998,0.3065312500000001,0.505796875,0.18767187499999996
52800,1.6994749999999998,0.30667187500000015,0.5063125,0.187015625
52900,1.6986140625000001,0.3071093750000002,0.5065312499999998,0.18635937499999994
53000,1.6994281249999994,0.3061250000000001,0.5052968750000001,0.18857812499999993
53100,1.6965171875,0.3042031250000001,0.50578125,0.19001562499999997
53200,1.6944562499999998,0.30356249999999996,0.5082343749999998,0.18820312500000005
53300,1.6939093749999996,0.30284375,0.5075000000000001,0.18965624999999994
53400,1.6918765624999998,0.3022500000000001,0.5098281250000001,0.187921875
53500,1.6845953124999997,0.30015625,0.5165624999999999,0.18328125000000006
53600,1.6811109375000002,0.29984375,0.5175312499999998,0.18262500000000004
53700,1.6824078125,0.29876562500000003,0.5174687499999999,0.18376562500000002
53800,1.6798718750000001,0.29679687499999996,0.5201406250000001,0.1830625
53900,1.6776546874999998,0.29537500000000005,0.5197031249999998,0.184921875
54000,1.6774015625000005,0.294125,0.516953125,0.18892187499999996
54100,1.67748125,0.2933593750000001,0.514671875,0.19196875000000005
