step,mean_aspect_ratio,fraction_elongated,fraction_round,fraction_binary
100,1.0,0.0,1.0,0.0
200,1.2586421875000002,0.022078124999999997,0.42259374999999993,0.555328125
300,1.3189796875000002,0.051953125,0.41726562500000003,0.5307812500000001
400,1.3603781250000002,0.07882812500000001,0.44848437499999977,0.4726874999999999
500,1.3965765625,0.10634374999999999,0.4915781250000001,0.4020781249999999
600,1.4307390625000003,0.13453125,0.51959375,0.34587500000000015
700,1.4631109374999998,0.15740624999999997,0.539484375,0.303109375
800,1.4897265625000002,0.17823437499999997,0.5448750000000001,0.276890625
900,1.5100375000000001,0.1937499999999999,0.5498437500000002,0.2564062499999999
1000,1.5300765625,0.20626562499999995,0.5523281250000002,0.24140625000000002
1100,1.5483828125,0.21890625000000002,0.5498593749999998,0.23123437500000002
1200,1.5646687499999996,0.22929687500000007,0.5450468749999999,0.22565625000000003
1300,1.5813265625,0.23882812499999995,0.537578125,0.22359374999999995
1400,1.5949312500000004,0.247140625,0.5361250000000001,0.21673437499999995
1500,1.6106671874999998,0.25789062500000004,0.5321093749999999,0.21000000000000008
1600,1.6220703124999991,0.26498437500000005,0.5284375000000001,0.20657812499999997
1700,1.6362046874999998,0.2732968749999999,0.5205781249999999,0.20612500000000003
1800,1.6423593749999998,0.27707812500000006,0.518609375,0.20431249999999998
1900,1.6545078124999997,0.28346874999999994,0.5098749999999999,0.2066562499999999
2000,1.6682578125,0.29000000000000004,0.5074687500000001,0.20253124999999997
2100,1.674421875,0.29410937499999995,0.505546875,0.20034375
2200,1.6806671875000003,0.2977968749999999,0.5038437499999998,0.198359375
2300,1.6827500000000002,0.29928125,0.5019218750000001,0.19879687500000004
2400,1.6861125,0.30145312499999993,0.5030937499999998,0.19545312500000003
2500,1.6901109374999999,0.304046875,0.49939062500000003,0.19656250000000003
2600,1.69648125,0.3076093750000001,0.49578124999999984,0.196609375
2700,1.7055640624999995,0.3104687499999999,0.4879843749999999,0.20154687500000004
2800,1.7144171875,0.3157031250000001,0.48289062499999996,0.20140624999999998
2900,1.7210953125000004,0.31776562500000016,0.47728125,0.204953125
3000,1.7307796874999999,0.32032812500000013,0.4709687499999999,0.20870312499999996
3100,1.740034375,0.3238125,0.46448437500000006,0.21170312500000002
3200,1.7467609374999995,0.3298125,0.464765625,0.20542187499999992
3300,1.7546671875000004,0.33434375,0.45890624999999996,0.20675000000000002
3400,1.7596796874999994,0.33640624999999996,0.454890625,0.20870312500000002
3500,1.7675718750000002,0.34028125,0.45162500000000005,0.20809375
3600,1.7748093750000002,0.3440468750000001,0.45081250000000006,0.205140625
3700,1.7858437500000002,0.3492031250000001,0.4442656250000001,0.20653125000000006
3800,1.786515625,0.3526562500000001,0.44731250000000017,0.20003124999999997
3900,1.7920484375000003,0.3578906250000001,0.44549999999999995,0.19660937500000003
4000,1.7973921875000007,0.36084374999999996,0.44276562500000016,0.19639062499999996
4100,1.8004171875000003,0.3611875,0.4379062500000001,0.20090624999999998
4200,1.8006718749999997,0.36064062499999994,0.440921875,0.19843750000000002
4300,1.8017562499999997,0.36249999999999993,0.442234375,0.19526562500000003
4400,1.8024390625000002,0.3631718750000001,0.44175,0.19507812500000002
4500,1.8014765625000002,0.36171875,0.44207812499999993,0.19620312499999998
4600,1.8055906249999998,0.362625,0.4385000000000001,0.19887499999999997
4700,1.8075265625000003,0.36421875000000015,0.43553125,0.20025
4800,1.8118109375000002,0.363296875,0.4299218749999998,0.20678125
4900,1.8147781250000001,0.36517187500000003,0.4308437500000001,0.20398437499999997
5000,1.8164890624999996,0.3639843750000001,0.429140625,0.20687499999999998
5100,1.8184046875,0.3657656249999999,0.4288125000000001,0.205421875
5200,1.8167312500000008,0.365609375,0.4338281250000001,0.20056249999999992
5300,1.8152953124999998,0.366875,0.43304687499999994,0.200078125
5400,1.8126093749999994,0.367015625,0.43451562499999996,0.19846875000000003
5500,1.813390625,0.36593749999999986,0.4317968750000001,0.202265625
5600,1.8145906249999997,0.366921875,0.4302656249999998,0.20281249999999992
5700,1.8155453124999996,0.367796875,0.43178124999999995,0.200421875
5800,1.8203999999999996,0.3700781249999999,0.42853124999999986,0.2013906249999999
5900,1.8180140624999999,0.36901562500000007,0.4303437500000001,0.200640625
6000,1.8162843750000004,0.3671249999999999,0.4320312500000001,0.20084375
6100,1.8148625,0.36665624999999996,0.4328281250000001,0.20051562500000003
6200,1.8117250000000005,0.367,0.43723437500000006,0.1957656250000001
6300,1.8153187500000003,0.36829687499999986,0.43531250000000005,0.19639062499999999
6400,1.8129906249999994,0.3688437499999999,0.437640625,0.19351562500000005
6500,1.8147390625,0.36960937500000013,0.4364374999999999,0.19395312499999998
6600,1.8187046874999997,0.37032812500000006,0.431828125,0.19784375000000004
6700,1.82134375,0.3732968749999999,0.4292968750000001,0.19740625000000006
6800,1.8281140625000005,0.37390625,0.4237031250000002,0.20239062500000005
6900,1.8356093749999995,0.3780312500000001,0.4193906250000002,0.20257812499999997
7000,1.8366343750000005,0.3799218750000001,0.41884375,0.20123437499999997
7100,1.8380999999999996,0.3799843749999998,0.4180781249999999,0.2019375
7200,1.8366937500000002,0.37917187499999994,0.41956249999999995,0.20126562500000003
7300,1.8371296874999998,0.3789375000000001,0.42264062499999994,0.198421875
7400,1.8405406250000005,0.3802031249999998,0.41801562499999995,0.20178125000000005
7500,1.8438453125,0.38176562500000005,0.4150937500000001,0.20314062500000002
7600,1.8462828124999995,0.38185937499999983,0.412859375,0.20528125000000003
7700,1.8441765624999997,0.38173437499999996,0.41524999999999995,0.20301562500000006
7800,1.8484093749999995,0.3825,0.411671875,0.20582812500000006
7900,1.8508156249999996,0.38396874999999986,0.410078125,0.205953125
8000,1.8478015625000002,0.38403125000000005,0.41346875000000005,0.20250000000000004
8100,1.8495749999999995,0.38560937500000003,0.41324999999999995,0.201140625
8200,1.8464781249999993,0.38453124999999994,0.41551562500000006,0.19995312499999995
8300,1.8461140625000008,0.38385937499999995,0.41503124999999985,0.20110937499999998
8400,1.8476828125000002,0.38371875,0.4112499999999999,0.20503124999999997
8500,1.8517906250000002,0.384546875,0.4102187499999999,0.20523437499999997
8600,1.8522265625,0.385890625,0.41192187500000005,0.20218750000000005
8700,1.847309375,0.3853593749999999,0.4156562499999999,0.19898437500000002
8800,1.8444078124999999,0.38379687499999987,0.41946875000000006,0.19673437500000004
8900,1.8405046875,0.3835625,0.42201562499999995,0.19442187499999997
9000,1.8393359375,0.38324999999999987,0.423890625,0.19285937500000003
9100,1.8356468749999992,0.3812656249999999,0.42596875,0.192765625
9200,1.8348093749999996,0.38001562499999997,0.42500000000000004,0.19498437499999993
9300,1.8359734375,0.38003125,0.4228593749999999,0.197109375
9400,1.8418359374999993,0.3828125000000001,0.41839062499999974,0.19879687499999998
9500,1.848503125,0.38635937500000006,0.41403124999999996,0.19960937499999992
9600,1.8534249999999997,0.3889687499999999,0.40968750000000004,0.2013437500000001
9700,1.853965625,0.39117187500000006,0.41187499999999994,0.19695312499999992
9800,1.8577718749999996,0.39243750000000005,0.4097968749999999,0.197765625
9900,1.8568171875,0.39259375,0.411546875,0.195859375
10000,1.8567687500000003,0.3931249999999999,0.412765625,0.19410937500000006
10100,1.8620031250000004,0.39498437499999994,0.4101406249999999,0.19487499999999994
10200,1.8663624999999997,0.397859375,0.41021874999999985,0.19192187499999996
10300,1.8678437499999996,0.4000625,0.4099531249999999,0.18998437500000007
10400,1.8643656250000002,0.3987656249999999,0.41315624999999995,0.188078125
10500,1.8621468749999999,0.398171875,0.41625,0.18557812499999998
10600,1.8627109374999995,0.3971406249999999,0.4138593749999999,0.18899999999999997
10700,1.8654093750000005,0.39765625000000004,0.4108906249999999,0.191453125
10800,1.8685734375000005,0.3991406249999999,0.4062343749999999,0.19462500000000002
10900,1.8737593750000003,0.400171875,0.40087499999999987,0.19895312499999995
11000,1.876918749999999,0.399578125,0.3985625,0.20185937500000004
11100,1.8813624999999996,0.4010937500000001,0.39596875000000015,0.20293750000000002
11200,1.8846859374999996,0.40143750000000017,0.388921875,0.209640625
11300,1.8903749999999997,0.4045,0.3869531250000001,0.208546875
11400,1.9003687499999997,0.408375,0.379546875,0.21207812499999992
11500,1.9034000000000002,0.4105781250000002,0.38257812500000016,0.20684375
11600,1.9060593750000001,0.4134374999999999,0.38635937500000006,0.20020312500000004
11700,1.9032890624999992,0.41339062500000007,0.387328125,0.19928124999999997
11800,1.9001640624999996,0.41321874999999997,0.39079687500000015,0.19598437500000002
11900,1.89678125,0.41159375,0.39315625,0.19524999999999998
12000,1.8931609375,0.4100468750000001,0.39707812500000006,0.192875
12100,1.8917781250000005,0.410046875,0.39626562499999984,0.19368749999999996
12200,1.8943093749999997,0.4116875000000001,0.39403125000000006,0.19428125000000007
12300,1.8964671875000003,0.41373437500000004,0.3912968749999999,0.19496875
12400,1.899940625,0.4127343750000001,0.38629687499999993,0.20096875
12500,1.9017234375,0.411640625,0.38490624999999984,0.20345312500000007
12600,1.9061062500000003,0.4128749999999999,0.3790000000000001,0.20812500000000003
12700,1.9112906250000004,0.416,0.37718749999999995,0.20681249999999998
12800,1.9125953125000004,0.41614062500000004,0.3764374999999998,0.20742187499999995
12900,1.9192281250000005,0.42026562500000003,0.37343750000000014,0.206296875
13000,1.9197499999999996,0.4209218749999999,0.3745312499999999,0.20454687500000002
13100,1.9175015625000003,0.41981250000000003,0.37826562500000016,0.20192187500000003
13200,1.9134687499999998,0.41915625000000006,0.38143750000000004,0.19940624999999998
13300,1.9095390624999993,0.4174999999999998,0.38178125000000007,0.20071874999999997
13400,1.912703125,0.42145312500000004,0.384640625,0.19390625000000003
13500,1.9083062499999999,0.42089062499999985,0.388765625,0.19034374999999995
13600,1.9067609374999999,0.4185625000000001,0.3884999999999999,0.19293750000000004
13700,1.9022953125000006,0.41651562499999994,0.39103125000000016,0.192453125
13800,1.8980859375000003,0.415484375,0.39312500000000006,0.191390625
13900,1.8978921875,0.41490625000000003,0.39290625,0.1921875
14000,1.8991843750000001,0.414796875,0.390734375,0.19446875
14100,1.8999437500000003,0.41529687499999995,0.390484375,0.19421875000000005
14200,1.9034968750000005,0.4157656250000001,0.38903124999999983,0.19520312499999995
14300,1.9048046874999995,0.4166249999999999,0.3870156249999999,0.1963593750000001
14400,1.9071968750000003,0.41707812499999986,0.38739062500000004,0.19553125000000005
14500,1.9066109375000002,0.41810937499999995,0.39204687499999996,0.18984374999999998
14600,1.9042390625,0.416125,0.38912499999999994,0.19475000000000003
14700,1.9031765624999997,0.4152187500000001,0.3897500000000001,0.19503125
14800,1.9032640625000008,0.41648437499999996,0.3892656249999999,0.19424999999999998
14900,1.9036171875,0.41626562500000003,0.38889062499999993,0.19484375
15000,1.9044656249999994,0.41579687499999995,0.38890625,0.19529687499999993
15100,1.9065687499999997,0.4186250000000001,0.387203125,0.194171875
15200,1.9106093750000006,0.420125,0.3846093750000001,0.19526562500000005
15300,1.915728125,0.42221875,0.38153125,0.19624999999999992
15400,1.9214812499999998,0.42414062499999994,0.37743750000000004,0.19842187500000008
15500,1.9275140625,0.4255000000000001,0.3731406249999998,0.201359375
15600,1.9293046874999993,0.426578125,0.3755625,0.19785937500000003
15700,1.9242968750000002,0.42596874999999995,0.380671875,0.19335937499999994
15800,1.9216640625,0.42460937499999996,0.3804843750000001,0.19490624999999995
15900,1.9173015624999998,0.42259374999999993,0.38514062499999996,0.192265625
16000,1.9132906249999997,0.4209531249999999,0.38957812500000005,0.18946875
16100,1.9085515625000002,0.41782812499999994,0.39009374999999996,0.19207812499999996
16200,1.9078062500000004,0.4163124999999998,0.38999999999999996,0.19368749999999998
16300,1.9081953125000002,0.41756249999999995,0.38832812499999986,0.19410937499999997
16400,1.9114031250000003,0.417375,0.38590625000000006,0.19671874999999997
16500,1.9164109375,0.42067187500000003,0.3792031250000001,0.20012500000000008
16600,1.9176906250000008,0.421,0.37909375,0.19990624999999995
16700,1.9177640625000005,0.42329687499999985,0.38006249999999986,0.196640625
16800,1.9198671874999997,0.4233281250000001,0.37821874999999994,0.198453125
16900,1.9215078124999996,0.42573437499999994,0.37828125,0.19598437500000002
17000,1.9274437500000006,0.42817187500000004,0.375046875,0.19678125000000002
17100,1.9333421875,0.43076562500000026,0.37059374999999994,0.19864062500000002
17200,1.9391875000000007,0.43318749999999984,0.36595312499999993,0.20085937499999998
17300,1.9408828125000002,0.4333437500000001,0.366875,0.19978125000000008
17400,1.9383062499999995,0.432765625,0.36985937500000005,0.19737499999999997
17500,1.9336812499999998,0.43110937500000013,0.37178124999999984,0.19710937499999995
17600,1.934809375,0.4325312499999999,0.37262499999999993,0.19484375
17700,1.937578125,0.4343750000000001,0.3710000000000001,0.19462500000000005
17800,1.94250625,0.43654687500000006,0.368921875,0.19453124999999993
17900,1.9451703125,0.436765625,0.36740625,0.19582812500000002
18000,1.9452156250000003,0.43643750000000003,0.36554687500000005,0.19801562500000006
18100,1.9440468750000002,0.4375,0.36562500000000003,0.19687499999999997
18200,1.9471453124999998,0.437796875,0.36282812500000006,0.199375
18300,1.9462296874999998,0.43787499999999985,0.3649374999999999,0.19718750000000002
18400,1.941515625,0.43562499999999993,0.36906250000000007,0.19531250000000003
18500,1.9403343749999995,0.43509375,0.3690937499999999,0.19581250000000006
18600,1.936325,0.43343750000000003,0.371640625,0.1949218750000001
18700,1.9358593749999997,0.43264062500000006,0.37079687500000014,0.19656250000000003
18800,1.9381468749999995,0.43262500000000004,0.3697031250000001,0.197671875
18900,1.9382593749999997,0.434078125,0.37273437500000006,0.19318749999999998
19000,1.9398093750000005,0.434921875,0.3699687500000001,0.19510937500000003
19100,1.9418203125000002,0.435359375,0.3675468749999999,0.19709374999999996
19200,1.9427781250000005,0.43618749999999995,0.36587499999999995,0.19793749999999996
19300,1.9439046875000008,0.4362656250000001,0.3650937499999999,0.1986406249999999
19400,1.9401109375,0.4345781250000001,0.36703125,0.19839062500000004
19500,1.9388250000000011,0.4351250000000002,0.370671875,0.19420312499999998
19600,1.9407015625000004,0.4374531250000001,0.37223437500000006,0.1903125
19700,1.9435234375000003,0.43982812499999996,0.36993750000000014,0.19023437499999998
19800,1.9444359375000002,0.4403906250000001,0.37068750000000006,0.188921875
19900,1.9475109375000001,0.4415937499999999,0.3692656249999999,0.18914062500000015
20000,1.9485031250000002,0.4413593749999999,0.36715625,0.191484375
20100,1.9482953124999995,0.44248437500000015,0.36754687499999994,0.18996875
20200,1.944425,0.44023437499999996,0.36884374999999997,0.1909218749999999
20300,1.9424124999999997,0.43878125,0.3692812499999999,0.19193750000000007
20400,1.940821875,0.43678124999999995,0.36942187499999996,0.19379687499999998
20500,1.9390812500000003,0.43643750000000003,0.3728749999999999,0.19068749999999998
20600,1.9379046874999997,0.43562499999999993,0.37426562500000016,0.19010937499999994
20700,1.9346265625000003,0.43471875000000004,0.3752187499999999,0.19006250000000002
20800,1.9391531249999998,0.437953125,0.37293749999999987,0.1891093749999999
20900,1.9451624999999997,0.44034375,0.3675781250000001,0.192078125
21000,1.949312500000001,0.44057812500000004,0.36256249999999995,0.19685937500000006
21100,1.9558562500000003,0.4433125,0.3600625,0.196625
21200,1.9620609374999998,0.446109375,0.35553125,0.19835937500000003
21300,1.9607906250000005,0.4457031250000001,0.35726562500000003,0.19703125000000007
21400,1.9620765625000005,0.445109375,0.3564375,0.19845312499999992
21500,1.9597203124999998,0.44387500000000013,0.3600312499999999,0.19609375000000007
21600,1.9576125000000006,0.4429531250000001,0.36196875000000006,0.19507812500000005
21700,1.9536796875,0.4414999999999999,0.36528125000000006,0.19321874999999997
21800,1.9477031249999994,0.4389531250000001,0.367703125,0.19334374999999998
21900,1.9467828125,0.43751562499999996,0.36778125,0.19470312499999992
22000,1.9395109375000004,0.4358281250000002,0.3712656250000001,0.19290624999999997
22100,1.9419562500000005,0.435203125,0.3677031249999999,0.19709374999999993
22200,1.945278125,0.43631249999999994,0.36481249999999993,0.198875
22300,1.949490625,0.4379531249999999,0.362,0.200046875
22400,1.9543562500000002,0.4403281249999999,0.35898437499999997,0.2006875
22500,1.9583359375000002,0.441875,0.35690625000000004,0.20121875
22600,1.9624328125000001,0.44085937500000005,0.3512968749999999,0.20784375000000002
22700,1.9625421875,0.44228125,0.35298437500000013,0.204734375
22800,1.9583062500000004,0.4410781250000001,0.35678124999999994,0.20214062500000002
22900,1.9558484374999994,0.44093749999999987,0.36078124999999994,0.19828125
23000,1.9554906249999993,0.440734375,0.3594218749999999,0.19984374999999996
23100,1.9562812499999997,0.441703125,0.36114062500000005,0.19715624999999995
23200,1.9637296875000005,0.44631249999999995,0.355875,0.19781249999999997
23300,1.9662109375000003,0.447984375,0.355671875,0.19634374999999998
23400,1.970096875,0.45059375000000007,0.353328125,0.19607812499999996
23500,1.9741265625000002,0.4519687499999999,0.35257812499999996,0.19545312500000006
23600,1.9713468750000003,0.44995312499999995,0.3529843749999999,0.1970625
23700,1.9666906250000002,0.44814062500000007,0.35696875,0.19489062499999993
23800,1.965840625,0.4477187500000001,0.35637500000000005,0.19590625000000003
23900,1.9632437500000002,0.4462343750000001,0.35925000000000007,0.19451562499999997
24000,1.9644062499999995,0.4469687500000001,0.3576093750000001,0.195421875
24100,1.9656218750000005,0.4464999999999999,0.35532812499999994,0.19817187500000008
24200,1.9687140625000001,0.4479843749999998,0.35303125,0.19898437500000005
24300,1.97173125,0.4490624999999999,0.35196875,0.19896875000000003
24400,1.9715093750000001,0.44965625000000015,0.35262499999999997,0.19771875000000008
24500,1.9742578125000003,0.451453125,0.3498125,0.19873437499999996
24600,1.9686296875,0.45054687499999996,0.356046875,0.19340625000000006
24700,1.9645546875,0.4503593749999999,0.35934375,0.190296875
24800,1.9654171875000002,0.4509218749999999,0.35840624999999987,0.19067187499999996
24900,1.9625453125,0.4498125,0.3605,0.1896875
25000,1.9622734374999993,0.44996875000000003,0.3608125,0.18921875000000002
25100,1.9596187500000002,0.44915625,0.36295312500000004,0.187890625
25200,1.9627093749999995,0.45084375,0.35884374999999985,0.19031249999999997
25300,1.968765625,0.4520781249999999,0.3536718750000001,0.19425
25400,1.9818109375000001,0.457578125,0.3453125,0.197109375
25500,1.9876953125,0.45959374999999997,0.34234375000000017,0.19806249999999992
25600,1.9936765624999997,0.4624375000000001,0.3405156250000001,0.19704687500000004
25700,1.9973421875,0.4639375000000001,0.33896875,0.19709375000000007
25800,1.9999171875,0.46440624999999996,0.3377812499999998,0.1978125
25900,1.9995296875,0.4641718749999999,0.34043750000000006,0.19539062499999996
26000,1.9952453124999994,0.46365624999999994,0.342515625,0.19382812500000002
26100,1.9911468750000008,0.4624375,0.34565624999999994,0.19190624999999997
26200,1.9847343750000006,0.460078125,0.350765625,0.18915624999999994
26300,1.9768890625000004,0.45570312499999993,0.35371874999999997,0.190578125
26400,1.9718078125000011,0.4532031250000001,0.3565937499999999,0.19020312500000003
26500,1.9694765625000008,0.4512812500000001,0.35487500000000005,0.19384374999999995
26600,1.9696906249999995,0.452421875,0.35673437500000005,0.19084374999999998
26700,1.9658531249999995,0.4508281249999999,0.358671875,0.19049999999999997
26800,1.9675109374999995,0.451296875,0.35821875000000003,0.190484375
26900,1.9706765624999998,0.45199999999999996,0.355703125,0.192296875
27000,1.9729531249999996,0.4532031249999999,0.3551406249999999,0.19165625000000003
27100,1.9742187499999995,0.4550312499999999,0.35379687499999996,0.191171875
27200,1.9815328125000005,0.45662500000000017,0.3473437500000002,0.19603125
27300,1.9803453125000006,0.455640625,0.34870312500000006,0.19565625
27400,1.979765625,0.45539062499999994,0.349921875,0.19468750000000004
27500,1.9755421874999997,0.452390625,0.3521718750000001,0.19543750000000007
27600,1.9690234375000002,0.44890625,0.3558281250000001,0.19526562499999991
27700,1.9650812499999997,0.4491093750000001,0.358140625,0.19274999999999998
27800,1.9627234375000002,0.44596875,0.3586249999999999,0.19540624999999995
27900,1.9586093749999998,0.44534375000000004,0.3624375,0.19221875000000002
28000,1.9589546875000003,0.445265625,0.36148437499999997,0.19325000000000003
28100,1.9606687500000002,0.44534375,0.35859375,0.19606250000000003
28200,1.9602046875000003,0.4457968749999999,0.35842187500000006,0.19578125
28300,1.9626453125,0.44729687499999987,0.3573749999999999,0.195328125
28400,1.9655625000000003,0.4500625,0.35651562499999995,0.193421875
28500,1.9686671875000001,0.45053125000000016,0.353125,0.19634375000000004
28600,1.9684624999999996,0.45062499999999994,0.3546874999999998,0.19468750000000004
28700,1.968159375,0.45150000000000007,0.35465624999999995,0.19384374999999998
28800,1.9708250000000003,0.45109375,0.35351562499999994,0.19539062500000007
28900,1.9684078124999997,0.451265625,0.3532187500000001,0.19551562499999994
29000,1.96431875,0.44803124999999994,0.3565312500000001,0.1954375
29100,1.9588546874999997,0.44531249999999983,0.36003125,0.19465625000000003
29200,1.9529625,0.44301562499999997,0.3661093749999999,0.19087499999999996
29300,1.9468281250000004,0.4400781250000001,0.36828124999999995,0.19164062499999995
29400,1.9455656250000002,0.43860937499999997,0.3677656250000001,0.19362500000000002
29500,1.9399499999999996,0.4355781249999999,0.3727031249999999,0.19171875
29600,1.9395109375000001,0.43548437500000003,0.37050000000000005,0.19401562499999997
29700,1.9417812500000005,0.43592187499999996,0.36809374999999994,0.195984375
29800,1.9437609374999996,0.4372031249999999,0.3667031250000001,0.19609374999999998
29900,1.9450359375000001,0.4371562500000001,0.3655625,0.1972812499999999
30000,1.94425,0.43767187500000004,0.367328125,0.195
30100,1.9430234375000006,0.43784374999999986,0.369375,0.19278124999999996
30200,1.9457203124999995,0.4378749999999998,0.366125,0.19599999999999992
30300,1.9518093749999998,0.44054687500000006,0.36296875000000006,0.19648437500000004
30400,1.955771875,0.44207812499999993,0.3605000000000001,0.19742187500000002
30500,1.959498437500001,0.44643750000000004,0.3602187500000001,0.19334375000000006
30600,1.9583968750000003,0.4459999999999999,0.35882812499999994,0.19517187499999997
30700,1.9581265625000002,0.4457031250000001,0.36039062499999996,0.19390624999999997
30800,1.9569921875,0.44603125,0.36126562500000003,0.19270312499999995
30900,1.9577031250000005,0.44604687499999995,0.361515625,0.19243749999999996
31000,1.9598046874999997,0.44620312500000003,0.35918750000000005,0.19460937499999992
31100,1.9587078125,0.44721874999999994,0.3602656250000001,0.19251562500000005
31200,1.9563921874999997,0.4467031250000001,0.36409374999999994,0.18920312499999994
31300,1.9532968749999997,0.44392187499999997,0.36557812500000003,0.19049999999999997
31400,1.9553468749999998,0.4437812499999998,0.36265624999999996,0.19356250000000005
31500,1.9571281249999997,0.4459218749999999,0.36229687499999996,0.19178124999999993
31600,1.9596171874999995,0.44595312499999995,0.35971875,0.19432812500000002
31700,1.9595843749999995,0.446390625,0.35839062499999985,0.19521874999999997
31800,1.9640453125000001,0.44748437500000016,0.35554687499999993,0.19696874999999997
31900,1.9636890625000005,0.445765625,0.3552656250000001,0.19896875000000006
32000,1.9617781250000002,0.4454843750000001,0.35715624999999995,0.1973593750000001
32100,1.9593968750000004,0.4438749999999998,0.3587187499999998,0.19740625000000006
32200,1.9522562500000005,0.44243750000000015,0.36568750000000005,0.19187499999999996
32300,1.9501765624999998,0.4399687500000001,0.3645781249999999,0.19545312499999998
32400,1.9516171875000006,0.44193750000000004,0.364,0.19406249999999997
32500,1.9522421875000004,0.4434687500000002,0.3639687500000001,0.1925625
32600,1.9570484374999995,0.44651562500000014,0.363234375,0.19024999999999992
32700,1.9598531250000004,0.44953125000000005,0.363140625,0.18732812499999996
32800,1.9619046875,0.44940625000000006,0.3617812500000001,0.18881250000000002
32900,1.96101875,0.448703125,0.360828125,0.19046875000000002
33000,1.9619625000000005,0.44779687500000004,0.35812499999999997,0.194078125
33100,1.9638265624999995,0.44878125,0.358234375,0.19298437499999996
33200,1.9637640625000001,0.44954687500000007,0.35860937500000006,0.19184375000000004
33300,1.9630078125000001,0.44882812499999997,0.35773437500000005,0.19343749999999993
33400,1.9614984374999997,0.4469999999999999,0.358140625,0.19485937500000006
33500,1.9597156249999992,0.4457968750000001,0.3581093749999999,0.19609374999999996
33600,1.9583796875000004,0.44531249999999994,0.3591562500000001,0.19553125
33700,1.9575531249999996,0.44468749999999996,0.36071875000000003,0.19459375000000004
33800,1.9580015624999996,0.44459375000000007,0.3590781249999999,0.19632812500000002
33900,1.9616984374999997,0.44589062499999993,0.35653125,0.197578125
34000,1.9658546875,0.45017187500000005,0.3557968749999998,0.19403125
34100,1.9727781249999994,0.45296875000000003,0.34995312500000003,0.19707812500000002
34200,1.977384375,0.4534687499999999,0.34595312499999986,0.20057812500000005
34300,1.9774124999999998,0.4522812500000001,0.3478125,0.19990625000000012
34400,1.9761218750000002,0.45382812499999997,0.35159375000000004,0.194578125
34500,1.9794109375,0.453875,0.3487187499999999,0.19740624999999998
34600,1.9792890625000001,0.4548125000000001,0.350265625,0.19492187499999997
34700,1.9766874999999995,0.45437500000000003,0.35298437499999996,0.19264062499999998
34800,1.9735421874999999,0.45198437499999994,0.35398437499999974,0.1940312499999999
34900,1.9693734374999996,0.44975000000000004,0.35396875000000005,0.19628125000000002
35000,1.9715578125,0.45043750000000005,0.35156249999999994,0.198
35100,1.9735078124999996,0.4509843750000001,0.349359375,0.19965624999999992
35200,1.9780531250000004,0.45328125000000025,0.348953125,0.197765625
35300,1.978571875,0.45437500000000003,0.35115624999999995,0.19446875
35400,1.9741031249999998,0.4523749999999999,0.35376562500000003,0.193859375
35500,1.9732281250000006,0.45337500000000003,0.35398437499999996,0.19264062500000004
35600,1.9782999999999997,0.45335937499999984,0.347671875,0.19896874999999992
35700,1.9781421875,0.45481249999999995,0.35026562499999997,0.19492187500000002
35800,1.9744484375000007,0.454421875,0.353828125,0.19175000000000003
35900,1.9746109374999994,0.4554375000000001,0.3521406250000001,0.19242187500000002
36000,1.9744281250000002,0.4531562499999999,0.3517031249999998,0.19514062500000004
36100,1.9709937499999999,0.45015624999999976,0.3522187500000001,0.19762499999999997
36200,1.9738109375000004,0.4514062500000001,0.351328125,0.19726562499999997
36300,1.9711093750000008,0.4507343750000002,0.35370312499999984,0.19556250000000003
36400,1.9695500000000004,0.45012500000000005,0.35271875,0.19715625000000003
36500,1.9666890624999993,0.4475156249999998,0.3540468750000001,0.19843750000000004
36600,1.9588156250000002,0.4432968749999999,0.36004687500000004,0.19665624999999998
36700,1.9509515625000002,0.43865625,0.3638437500000001,0.19750000000000006
36800,1.9440734375000002,0.436140625,0.37068750000000006,0.19317187500000002
36900,1.9454546874999994,0.437875,0.36901562500000007,0.193109375
37000,1.9464390624999999,0.43753125000000004,0.36649999999999994,0.19596875000000002
37100,1.9481546875000002,0.4395624999999999,0.36851562500000007,0.191921875
37200,1.9524140624999995,0.44087499999999996,0.36353125,0.19559375
37300,1.9582328124999993,0.44348437499999993,0.35871874999999986,0.19779687499999998
37400,1.9585828125000002,0.44476562500000005,0.35825,0.19698437500000004
37500,1.9619937499999998,0.4465,0.35640625,0.19709374999999996
37600,1.9575468749999996,0.44446875000000013,0.36064062499999994,0.194890625
37700,1.955539062499999,0.4430937500000001,0.3611250000000001,0.19578125000000002
37800,1.9565312500000003,0.442203125,0.35845312499999993,0.19934375
37900,1.9582093749999996,0.442171875,0.35640625000000004,0.20142187499999997
38000,1.9599703124999996,0.44406249999999997,0.3556406250000001,0.20029687499999999
38100,1.9610234374999997,0.4457812499999999,0.3548125000000001,0.19940624999999998
38200,1.9599640625000008,0.44590625000000017,0.3564062499999999,0.1976875
38300,1.9607000000000003,0.44603125,0.358640625,0.195328125
38400,1.9622046875000003,0.4469062499999999,0.356359375,0.196734375
38500,1.9614000000000003,0.44671875000000016,0.356484375,0.19679687500000007
38600,1.9620609374999993,0.4471250000000001,0.3560625,0.19681249999999997
38700,1.9561390624999997,0.44470312500000003,0.36056250000000006,0.194734375
38800,1.9514734375000002,0.44304687499999995,0.364828125,0.19212499999999993
38900,1.9476500000000003,0.4410156250000001,0.3668749999999999,0.19210937499999997
39000,1.94179375,0.4373124999999998,0.37026562500000004,0.192421875
39100,1.9404171875,0.43640625000000005,0.3698749999999999,0.19371875000000002
39200,1.9404515625000003,0.435953125,0.37090624999999994,0.19314062499999998
39300,1.9435140625,0.437796875,0.3687656250000001,0.19343750000000007
39400,1.9487796875000003,0.4408750000000001,0.3645624999999999,0.19456249999999994
39500,1.9503203125,0.441203125,0.36189062499999997,0.19690624999999995
39600,1.9540671875000004,0.44190624999999994,0.35715624999999984,0.20093749999999994
39700,1.95696875,0.4427500000000001,0.35537500000000005,0.201875
39800,1.9582843750000005,0.44235937499999994,0.35665625000000006,0.20098437500000002
39900,1.957040625,0.4427187499999999,0.35965625,0.19762500000000002
40000,1.9592109375000004,0.44518750000000007,0.3591718749999999,0.19564062499999998
40100,1.9616296875,0.44728125,0.3574687500000001,0.19525
40200,1.9592359375000004,0.445328125,0.35876562500000003,0.19590625
40300,1.9597062499999998,0.44576562500000005,0.35779687500000007,0.19643750000000001
40400,1.9608249999999996,0.44581250000000006,0.35626562500000003,0.19792187499999994
40500,1.9617296874999999,0.447703125,0.3585,0.19379687500000006
40600,1.9587843750000002,0.44529687499999987,0.358234375,0.19646875000000005
40700,1.9564734375,0.4451249999999999,0.36084374999999996,0.19403125000000002
40800,1.9575874999999998,0.44618750000000007,0.36204687499999993,0.191765625
40900,1.961410937499999,0.4491875,0.361109375,0.189703125
41000,1.9694281249999992,0.453625,0.35710937499999995,0.18926562500000008
41100,1.9715093750000001,0.45343750000000005,0.3543437499999999,0.19221875000000008
41200,1.9701984374999997,0.4533281250000001,0.35565624999999984,0.191015625
41300,1.972259375,0.4541875000000001,0.35279687499999995,0.19301562500000008
41400,1.9736437500000001,0.45434375000000016,0.3512968749999999,0.19435937499999995
41500,1.9761312500000001,0.4553906249999999,0.34949999999999987,0.195109375
41600,1.9794921874999998,0.45717187499999984,0.348390625,0.19443750000000004
41700,1.9795421874999999,0.45698437499999994,0.34732812500000004,0.19568750000000004
41800,1.9803234375,0.45701562500000015,0.3477187500000001,0.19526562500000003
41900,1.9853406250000003,0.458625,0.34385937499999997,0.19751562499999997
42000,1.98808125,0.46079687500000005,0.343578125,0.195625
42100,1.9874124999999996,0.45998437499999995,0.34348437499999995,0.19653124999999994
42200,1.9866531249999997,0.46067187499999995,0.3461875000000001,0.193140625
42300,1.9876343749999998,0.4613281249999999,0.3452343750000001,0.19343749999999998
42400,1.9892359375,0.46212499999999995,0.3447343750000001,0.19314062499999998
42500,1.9882500000000003,0.46151562500000004,0.345140625,0.19334374999999995
42600,1.9880015624999994,0.46176562499999985,0.3449375,0.19329687500000003
42700,1.983659375,0.459140625,0.34729687500000006,0.19356249999999997
42800,1.9804453125,0.4568281249999999,0.34937500000000016,0.19379687500000006
42900,1.9823515624999997,0.45746875,0.3458593750000001,0.19667187500000005
43000,1.9847390624999997,0.460125,0.34387499999999993,0.19599999999999995
43100,1.9877046875,0.46204687500000013,0.3426875,0.19526562500000003
43200,1.9894031249999997,0.4632812499999999,0.34409375000000003,0.19262499999999996
43300,1.9887062499999997,0.46318750000000003,0.346234375,0.19057812500000001
43400,1.9868421875000006,0.4624062500000001,0.3482968750000001,0.18929687499999998
43500,1.9832171875,0.46143749999999983,0.3500312499999999,0.18853125
43600,1.9816046875000002,0.45939062500000005,0.34810937499999994,0.19249999999999998
43700,1.985128125,0.45928125,0.344671875,0.19604687499999998
43800,1.9855999999999998,0.460203125,0.3450937500000001,0.194703125
43900,1.9850875000000001,0.4598124999999999,0.3457968749999999,0.19439062499999998
44000,1.9814468750000005,0.45839062500000005,0.34906250000000005,0.19254687499999995
44100,1.9789968750000004,0.4580000000000001,0.35192187499999994,0.19007812500000001
44200,1.9803515625000006,0.4590937500000001,0.350640625,0.19026562499999994
44300,1.9820390625000004,0.46053125,0.34884375,0.19062500000000002
44400,1.9814781249999995,0.459609375,0.34893749999999996,0.19145312499999995
44500,1.9818703125000001,0.45964062499999997,0.3471093749999999,0.19324999999999992
44600,1.980053125,0.457703125,0.3490625,0.193234375
44700,1.9827499999999991,0.46046875000000004,0.35,0.1895312500000001
44800,1.9853000000000003,0.46321874999999996,0.34976562499999997,0.18701562500000002
44900,1.9834437500000004,0.464484375,0.3520781249999999,0.18343750000000006
45000,1.9836125000000004,0.46273437500000014,0.34959375,0.187671875
45100,1.9850578125,0.463984375,0.3476093749999999,0.18840624999999997
45200,1.9877546875,0.46425,0.34453124999999984,0.19121875
45300,1.9926093750000002,0.46651562500000016,0.34146875000000004,0.19201562499999994
45400,1.9935609375000003,0.4657500000000001,0.3422187499999999,0.19203124999999996
45500,1.9928578125000003,0.4655624999999999,0.343234375,0.19120312499999997
45600,1.9947453124999992,0.468234375,0.3428125,0.18895312499999992
45700,1.9963406249999995,0.46892187499999993,0.34151562499999993,0.18956250000000002
45800,1.9974937499999998,0.4685,0.3406406250000001,0.19085937500000003
45900,1.9983359375000005,0.47028125000000004,0.34120312500000005,0.188515625
46000,2.0042000000000004,0.47253124999999996,0.33746874999999993,0.18999999999999995
46100,2.0079671875,0.47464062500000004,0.33512500000000006,0.19023437499999998
46200,2.0090875,0.4743281249999998,0.334703125,0.19096875000000002
46300,2.0103515625000004,0.47520312499999995,0.33412500000000006,0.19067187500000007
46400,2.0114843749999998,0.47614062499999993,0.3346875000000001,0.18917187500000004
46500,2.0108296875,0.47562499999999996,0.33343750000000005,0.19093749999999995
46600,2.0104296875,0.47659375000000004,0.337109375,0.18629687499999997
46700,2.0126546875000004,0.47670312500000006,0.3332031250000001,0.19009375
46800,2.0153718749999996,0.47735937500000014,0.33234375000000005,0.19029687500000006
46900,2.0186609375,0.47995312500000004,0.3301093749999999,0.1899375
47000,2.0252953125,0.4813593749999999,0.32596875000000014,0.19267187500000005
47100,2.027196875,0.48270312499999996,0.32531249999999995,0.19198437499999998
47200,2.0254437500000004,0.482484375,0.32465625,0.192859375
47300,2.029565625,0.48470312499999996,0.32093750000000004,0.19435937500000006
47400,2.0314109375,0.48546874999999995,0.3188437500000001,0.19568749999999996
47500,2.0306171875000003,0.48565624999999996,0.32018749999999996,0.19415625000000003
47600,2.027409375,0.48578125,0.32426562499999995,0.18995312500000003
47700,2.024584375,0.48201562500000006,0.32532812499999997,0.19265624999999995
47800,2.0201093749999997,0.48065625,0.32828125,0.19106249999999997
47900,2.0193796875000003,0.48068749999999993,0.32692187500000003,0.19239062500000004
48000,2.0170453124999996,0.4806875,0.33151562500000004,0.18779687499999997
48100,2.0176453125,0.479765625,0.329125,0.19110937499999997
48200,2.019590625,0.4816250000000001,0.32679687500000004,0.19157812500000002
48300,2.0202390624999995,0.48165625,0.32574999999999993,0.19259375000000004
48400,2.0214390625,0.48096875,0.32475,0.19428125000000004
48500,2.018128125,0.47903125,0.32764062499999996,0.19332812499999996
48600,2.0198703124999997,0.4786406250000001,0.3277343749999999,0.19362500000000002
48700,2.0225109375,0.480796875,0.32485937500000006,0.19434375
48800,2.0207484375,0.47826562500000014,0.32628124999999997,0.19545312499999998
48900,2.02498125,0.4798749999999998,0.32251562500000014,0.19760937500000006
49000,2.0285609375,0.4832968750000001,0.32148437499999993,0.19521874999999997
49100,2.029709375,0.4851562499999999,0.320296875,0.19454687500000004
49200,2.02884375,0.4835625,0.3204218750000001,0.196015625
49300,2.0237703124999995,0.481359375,0.32615625,0.19248437500000004
49400,2.0235453125,0.4815624999999998,0.32603125,0.19240625
49500,2.023699999999999,0.4826718750000001,0.32524999999999993,0.19207812500000004
49600,2.0228234374999996,0.47985937499999987,0.32470312500000004,0.19543750000000004
49700,2.0206859375,0.48028124999999994,0.3252343750000001,0.19448437499999996
49800,2.0216328125,0.4802500000000001,0.3252812499999999,0.1944687499999999
49900,2.0289796875,0.4827656249999998,0.319515625,0.19771875000000008
50000,2.033253125,0.4843437500000002,0.3179218750000001,0.19773437500000007
50100,2.0317671875000003,0.48481250000000004,0.31923437499999996,0.195953125
50200,2.0350859375,0.487578125,0.318328125,0.19409375
50300,2.0334734375,0.487765625,0.32117187499999994,0.19106250000000005
50400,2.032109375,0.48640625000000004,0.32231250000000006,0.19128124999999996
50500,2.0325140624999998,0.48651562499999995,0.32262500000000005,0.19085937499999997
50600,2.0312890625,0.48473437500000005,0.32256250000000014,0.19270312500000003
50700,2.0345015624999996,0.48576562500000003,0.3193125,0.19492187500000008
50800,2.031275,0.48601562499999995,0.323453125,0.19053124999999999
50900,2.026364062500001,0.4827499999999999,0.32396875,0.19328125
51000,2.0274453125000003,0.48164062499999993,0.32273437499999996,0.19562499999999994
51100,2.0282874999999994,0.4841875,0.325171875,0.19064062499999995
51200,2.0270515624999996,0.48318750000000016,0.325703125,0.19110937500000005
51300,2.026475,0.4825156250000001,0.3257656249999998,0.19171875000000008
51400,2.0260734375,0.48370312499999996,0.32881249999999995,0.18748437499999995
51500,2.0219781250000004,0.48139062499999974,0.3305,0.18810937500000005
51600,2.0144546874999993,0.4781249999999999,0.33434375000000005,0.18753125000000004
51700,2.0067421875000004,0.47503125000000007,0.33946875,0.18549999999999997
51800,2.0042328124999997,0.4737187500000001,0.3398124999999999,0.18646874999999993
51900,2.0042531250000004,0.4735781249999999,0.338078125,0.18834375000000003
52000,2.0069968749999996,0.4720000000000001,0.3350937500000001,0.19290624999999997
52100,2.008678125,0.47134375,0.3323906250000001,0.19626562499999997
52200,2.0087234374999996,0.4711718750000001,0.33265624999999993,0.19617187500000005
52300,2.0090843749999996,0.47060937499999994,0.33209375,0.197296875
52400,2.0084171874999996,0.47039062499999995,0.3326406249999999,0.19696875000000003
52500,2.0073984375,0.47129687500000006,0.33351562500000004,0.19518749999999996
52600,2.0060750000000005,0.47020312500000017,0.33506250000000004,0.19473437500000002
52700,2.0034781249999996,0.468109375,0.3374531250000002,0.19443749999999999
52800,1.9993421874999995,0.4671875000000001,0.3416562499999999,0.19115625
52900,1.9980499999999997,0.46615625,0.34029687499999994,0.193546875
