step,mean_aspect_ratio,fraction_elongated,fraction_round,fraction_binary
100,1.0,0.0,1.0,0.0
200,1.2190781250000002,0.016531250000000008,0.4837031250000001,0.49976562500000016
300,1.2562578124999997,0.03656249999999999,0.4810937500000002,0.48234375000000007
400,1.2859562499999997,0.055218750000000004,0.495671875,0.44910937500000003
500,1.3166359375,0.07568750000000002,0.526078125,0.39823437499999986
600,1.3423843750000006,0.09545312500000004,0.5533125,0.3512343749999999
700,1.3693125000000004,0.115,0.574890625,0.3101093750000001
800,1.3948234374999997,0.13378125000000002,0.5890468750000001,0.277171875
900,1.4172515625,0.14879687499999994,0.5974218749999999,0.25378125000000007
1000,1.4386,0.16378125000000004,0.6014843750000002,0.23473437499999997
1100,1.4575375000000002,0.17770312500000005,0.598203125,0.2240937499999999
1200,1.478875,0.189359375,0.5937500000000001,0.2168906250000001
1300,1.503528125,0.20173437500000002,0.5831406250000001,0.215125
1400,1.51481875,0.21124999999999997,0.5823437499999999,0.20640625
1500,1.5277265625000005,0.21943750000000004,0.5833906249999999,0.19717187499999994
1600,1.5456265624999996,0.22824999999999998,0.5711875000000001,0.20056250000000003
1700,1.560315625,0.23612500000000003,0.5640625000000002,0.1998125
1800,1.5736921874999996,0.242453125,0.5582500000000002,0.19929687500000004
1900,1.5880015625000001,0.25050000000000006,0.5501249999999998,0.19937500000000008
2000,1.6028515625,0.25784375,0.5437187500000001,0.19843749999999996
2100,1.6179546874999997,0.26478124999999997,0.5325,0.20271874999999995
2200,1.6317921875000003,0.27206250000000004,0.5256718750000001,0.20226562499999992
2300,1.6484562500000002,0.279734375,0.515859375,0.20440624999999996
2400,1.6631171874999995,0.2874687500000001,0.509125,0.20340625000000012
2500,1.674140625,0.29184375,0.5042656250000002,0.203890625
2600,1.6845453124999998,0.2974062499999999,0.50009375,0.2025
2700,1.69231875,0.3008437500000001,0.4956250000000002,0.20353124999999997
2800,1.7022828125,0.30703124999999987,0.49085937500000004,0.202109375
2900,1.7083796875000004,0.310296875,0.488578125,0.20112500000000005
3000,1.7150499999999997,0.31284375,0.48729687500000013,0.19985937499999998
3100,1.7167312500000007,0.31403125,0.4870781250000001,0.19889062499999996
3200,1.7170078125000001,0.31518749999999984,0.48715625,0.19765625
3300,1.7194531250000002,0.31685937499999994,0.486421875,0.19671875000000003
3400,1.7239234375000008,0.31985937500000006,0.48520312500000007,0.19493749999999996
3500,1.7252171874999997,0.322703125,0.4863906250000001,0.19090625
3600,1.7300921874999997,0.32634374999999993,0.48398437500000013,0.18967187500000002
3700,1.7291656250000005,0.32654687499999996,0.48484374999999996,0.188609375
3800,1.7345703124999998,0.32812500000000006,0.48106249999999995,0.1908125
3900,1.7388593749999997,0.32949999999999996,0.47818750000000015,0.19231250000000008
4000,1.7406624999999993,0.33090625,0.4778593749999999,0.19123437499999998
4100,1.7393406249999999,0.33178125,0.47825,0.18996874999999994
4200,1.7395343749999999,0.3313749999999999,0.47937500000000005,0.18925000000000003
4300,1.742617187499999,0.33098437500000005,0.47570312500000017,0.19331249999999994
4400,1.7543859375,0.3355468749999999,0.46639062500000017,0.19806250000000003
4500,1.7624624999999994,0.338140625,0.460078125,0.2017812499999999
4600,1.7712750000000006,0.34289062499999995,0.4544375000000001,0.20267187500000003
4700,1.7758937499999996,0.34640625,0.45307812500000005,0.20051562499999995
4800,1.7805546874999996,0.3489375,0.45234375,0.19871874999999997
4900,1.7824953124999992,0.3493749999999999,0.45135937499999995,0.19926562500000003
5000,1.7828796875000004,0.34890625000000003,0.44826562500000006,0.202828125
5100,1.7813953124999997,0.3497187500000001,0.45425000000000004,0.19603125000000007
5200,1.77999375,0.34925000000000006,0.4542343750000001,0.196515625
5300,1.779834375,0.347890625,0.453359375,0.19874999999999995
5400,1.7826328125,0.349328125,0.4546718749999997,0.19599999999999995
5500,1.7847671874999989,0.3505312499999999,0.45215625,0.19731250000000003
5600,1.78858125,0.35209375000000004,0.44943750000000005,0.19846875000000008
5700,1.7892921874999996,0.3530625,0.450390625,0.19654687499999987
5800,1.7871390625,0.3530468749999999,0.45334375,0.19360937499999997
5900,1.7854968749999993,0.3525937499999998,0.45598437500000005,0.19142187500000002
6000,1.7889359375000002,0.3541875,0.452625,0.19318749999999998
6100,1.7880531249999998,0.3534375000000001,0.45204687499999996,0.194515625
6200,1.7888749999999998,0.35550000000000004,0.45464062499999996,0.189859375
6300,1.7921265624999998,0.3578906250000001,0.453453125,0.1886562499999999
6400,1.7940187500000002,0.35903124999999997,0.4520312499999999,0.18893749999999992
6500,1.8006203125,0.3620781250000001,0.4455000000000002,0.19242187500000005
6600,1.8048843749999997,0.36435937499999993,0.44326562499999994,0.19237500000000002
6700,1.8073859375,0.36634374999999997,0.44496874999999997,0.18868749999999995
6800,1.8053781249999994,0.36482812500000006,0.4441562499999998,0.19101562500000002
6900,1.805428125,0.36446875000000006,0.442984375,0.19254687500000003
7000,1.806996875,0.36549999999999994,0.440609375,0.1938906249999999
7100,1.813678125,0.3671562500000001,0.436140625,0.19670312499999995
7200,1.8209375,0.37006250000000007,0.4296406250000001,0.20029687499999999
7300,1.8265531249999991,0.37121874999999993,0.425421875,0.20335937500000004
7400,1.8329390625000002,0.3748749999999999,0.423109375,0.20201562499999998
7500,1.8391125000000001,0.3786406249999999,0.41890625,0.20245312499999996
7600,1.8425453125,0.38079687500000003,0.41820312500000006,0.2009999999999999
7700,1.8453875000000008,0.38335937500000006,0.41725,0.19939062500000007
7800,1.8525890624999997,0.386453125,0.41168750000000004,0.20185937499999998
7900,1.8535999999999997,0.3879687499999999,0.41235937500000014,0.19967187499999992
8000,1.8488296875000005,0.38550000000000006,0.41379687499999995,0.20070312500000004
8100,1.8448406249999996,0.3825156249999999,0.41834374999999996,0.19914062499999996
8200,1.842959375,0.3810312500000001,0.41879687499999996,0.20017187500000005
8300,1.840687500000001,0.38062499999999994,0.4211562500000002,0.19821875000000003
8400,1.8416968749999996,0.3806875,0.41914062500000004,0.20017187499999994
8500,1.8419703125000002,0.37909374999999995,0.41823437499999994,0.20267187500000003
8600,1.842875,0.3794687499999999,0.41807812499999986,0.20245312499999998
8700,1.8435796875000001,0.3812968750000001,0.41870312500000006,0.2
8800,1.8405640625,0.3795312499999998,0.422125,0.19834374999999996
8900,1.8402890625000006,0.3804999999999999,0.420875,0.19862499999999997
9000,1.839571875,0.3798593749999999,0.4217031250000002,0.1984375
9100,1.8397015625000006,0.3808125,0.4231875,0.19600000000000006
9200,1.8375593750000003,0.37990624999999995,0.42357812499999986,0.19651562499999994
9300,1.8377843750000002,0.3801406250000001,0.42410937500000007,0.19575000000000006
9400,1.8383484374999999,0.380140625,0.423390625,0.19646875
9500,1.840390625,0.381796875,0.42389062499999985,0.1943125
9600,1.8449093749999999,0.38384375,0.41887499999999994,0.19728125000000007
9700,1.8436562499999998,0.3817656250000001,0.4188125000000001,0.199421875
9800,1.8415890625000002,0.3811249999999999,0.42192187499999984,0.19695312499999995
9900,1.8416093749999993,0.381484375,0.4232656249999999,0.19524999999999995
10000,1.8403234375000004,0.381734375,0.4255781249999999,0.19268749999999996
10100,1.8425890624999999,0.3829999999999999,0.42137500000000006,0.19562499999999997
10200,1.842245312500001,0.38087499999999985,0.42128125000000016,0.19784374999999993
10300,1.844090625,0.38240625,0.41921875,0.1983749999999999
10400,1.8496843749999996,0.385359375,0.41739062499999996,0.19725000000000006
10500,1.8496484375,0.38625000000000004,0.41901562499999984,0.194734375
10600,1.8489890624999998,0.3843749999999999,0.41999999999999993,0.19562499999999997
10700,1.8445640625,0.383921875,0.42389062499999985,0.1921875
10800,1.8380515624999996,0.38178124999999985,0.42889062499999997,0.18932812500000004
10900,1.8286062500000002,0.37625,0.43490625000000005,0.18884375000000006
11000,1.8225609375000003,0.37303125000000004,0.436765625,0.19020312499999995
11100,1.82038125,0.3722500000000001,0.43660937499999997,0.191140625
11200,1.8194343749999997,0.37215624999999997,0.43653125,0.19131250000000002
11300,1.8222375000000006,0.3736249999999999,0.43382812499999995,0.19254687499999998
11400,1.8249781250000006,0.3737499999999999,0.4329062500000001,0.19334374999999993
11500,1.8272499999999998,0.37607812500000004,0.43275,0.19117187500000002
11600,1.8298593750000003,0.37740625,0.43123437499999995,0.19135937500000003
11700,1.8334406250000002,0.3814218749999999,0.43081249999999993,0.18776562500000005
11800,1.8346906249999995,0.3809843749999998,0.429015625,0.19
11900,1.8351906249999996,0.38112499999999994,0.428734375,0.19014062500000004
12000,1.8332218749999996,0.37967187500000005,0.4285312499999999,0.19179687500000003
12100,1.8311234375000003,0.37704687500000006,0.4277500000000001,0.19520312499999995
12200,1.8352093749999998,0.3796562500000001,0.4277656249999998,0.19257812500000007
12300,1.8328734374999993,0.379765625,0.4264687499999999,0.19376562500000002
12400,1.8320687500000004,0.37890625,0.427921875,0.19317187500000002
12500,1.8332437500000003,0.37975,0.4274375000000001,0.19281249999999991
12600,1.8389937499999998,0.382734375,0.42357812500000014,0.19368749999999998
12700,1.8429812499999993,0.38415625000000003,0.41914062500000004,0.19670312500000006
12800,1.8459625000000004,0.38382812500000013,0.41865625,0.19751562500000006
12900,1.8508890624999998,0.3868125,0.41535937499999986,0.19782812500000002
13000,1.8512421874999998,0.387609375,0.41612499999999997,0.19626562500000003
13100,1.8538281250000004,0.38981250000000006,0.4165312499999999,0.19365625000000003
13200,1.8575906250000005,0.39157812500000017,0.4142187500000001,0.194203125
13300,1.8538984375000007,0.39146874999999987,0.4171562500000002,0.1913749999999999
13400,1.8505765625,0.38971875,0.42053125000000025,0.18974999999999992
13500,1.8468968749999994,0.3876093750000001,0.42340625,0.188984375
13600,1.8468640625,0.38907812499999994,0.4235781249999999,0.18734374999999998
13700,1.8475109375,0.387078125,0.4206875000000002,0.19223437499999987
13800,1.8524765624999997,0.38975,0.4183750000000001,0.19187499999999993
13900,1.8544765624999997,0.39239062499999994,0.41784375,0.18976562499999994
14000,1.8544906249999997,0.3907500000000001,0.4158437500000001,0.19340625
14100,1.8586296874999992,0.391953125,0.41134375,0.196703125
14200,1.8568984375000004,0.39076562499999995,0.41317187500000013,0.19606249999999997
14300,1.8586187500000004,0.39159374999999985,0.413046875,0.195359375
14400,1.86101875,0.39409374999999996,0.4140625,0.19184374999999998
14500,1.8602687499999992,0.3927187500000001,0.41354687499999987,0.19373437499999996
14600,1.862765625,0.39464062500000013,0.411234375,0.19412499999999994
14700,1.8614875000000006,0.39435937500000007,0.413609375,0.1920312499999999
14800,1.8616343749999993,0.39468749999999997,0.4132031249999999,0.192109375
14900,1.8584671875000005,0.39228124999999997,0.414015625,0.19370312500000006
15000,1.8609593749999995,0.39240625000000007,0.4108906249999999,0.196703125
15100,1.8606828125,0.393171875,0.41009375,0.196734375
15200,1.8601046875000007,0.39228124999999986,0.41220312500000006,0.195515625
15300,1.8603750000000006,0.39321874999999995,0.4130937500000001,0.1936875
15400,1.8599406249999997,0.39478125000000003,0.4141875000000001,0.19103125000000004
15500,1.8642281250000003,0.3972499999999999,0.41093749999999984,0.1918125
15600,1.8643703124999993,0.39732812499999987,0.410296875,0.192375
15700,1.8671546875,0.39807812500000017,0.40859375,0.19332812500000002
15800,1.8684328124999998,0.3984687499999999,0.4094062499999999,0.192125
15900,1.8665453125,0.3956874999999999,0.409140625,0.19517187499999994
16000,1.8637171874999994,0.39459374999999997,0.411609375,0.19379687499999998
16100,1.8597171874999996,0.39351562500000015,0.414671875,0.1918125
16200,1.8592515625000003,0.39284375,0.4141562500000001,0.19299999999999995
16300,1.860851562500001,0.39290625,0.41190625000000003,0.19518749999999993
16400,1.8596703124999998,0.39271875,0.4133281249999999,0.19395312499999995
16500,1.8621703125000004,0.39462499999999995,0.41339062499999985,0.191984375
16600,1.8654687500000005,0.39632812500000003,0.41226562499999997,0.19140625000000003
16700,1.8658265625000003,0.39578125,0.41200000000000003,0.19221875000000002
16800,1.8637437500000003,0.39585937499999996,0.413,0.19114062499999998
16900,1.8640499999999998,0.3957500000000002,0.4121875000000001,0.19206249999999997
17000,1.8648234374999997,0.3956562499999999,0.411390625,0.192953125
17100,1.8655343749999993,0.39703125,0.4120625000000001,0.19090624999999994
17200,1.8682781249999996,0.39764062500000014,0.40853125000000007,0.1938281249999999
17300,1.865984375,0.39495312499999996,0.41031249999999997,0.19473437500000002
17400,1.8678921874999996,0.39562499999999995,0.4054531249999999,0.19892187499999994
17500,1.8741249999999998,0.39735937499999996,0.40185937499999996,0.20078125000000005
17600,1.8762515625,0.39670312500000005,0.3997343749999999,0.20356249999999995
17700,1.8781515625000003,0.39782812499999987,0.3981875,0.2039843749999999
17800,1.8773859375,0.39803125000000006,0.3991093749999998,0.20285937499999995
17900,1.8746859374999998,0.39848437499999995,0.40240625,0.19910937499999998
18000,1.8736421874999998,0.39810937499999993,0.4061875,0.195703125
18100,1.872615625,0.39915625000000005,0.4077187499999999,0.19312500000000002
18200,1.8720718750000005,0.3978125,0.4069687500000001,0.19521874999999989
18300,1.8677859375,0.39621875,0.41042187499999994,0.193359375
18400,1.8661796874999999,0.3964218749999999,0.40931249999999997,0.19426562499999997
18500,1.8663625000000001,0.39589062500000005,0.41096875,0.19314062499999995
18600,1.8657968750000005,0.39515625000000004,0.408125,0.19671874999999997
18700,1.8702078125000003,0.3977187499999999,0.4063749999999998,0.19590625
18800,1.8700359375000004,0.399125,0.408046875,0.19282812500000004
18900,1.8753484374999994,0.39954687500000013,0.40503124999999995,0.19542187499999994
19000,1.8767640625000002,0.40134375,0.4041874999999999,0.19446874999999994
19100,1.8746953124999999,0.39870312499999994,0.4032343750000001,0.19806250000000003
19200,1.8748812499999994,0.3996249999999999,0.40403124999999995,0.1963437500000001
19300,1.8748031250000001,0.39815625000000016,0.4029687500000001,0.19887499999999997
19400,1.8726796875000005,0.39779687500000005,0.40757812499999996,0.19462500000000005
19500,1.8745937499999996,0.40026562500000007,0.406453125,0.19328124999999996
19600,1.8741218750000004,0.3996250000000001,0.40707812500000007,0.19329687500000003
19700,1.8739656249999999,0.3995781250000001,0.4100156250000001,0.19040625000000005
19800,1.8752296875,0.4000781249999999,0.40778124999999993,0.19214062499999995
19900,1.87836875,0.4016874999999998,0.40534375,0.19296875
20000,1.8802546875000001,0.401640625,0.4040468750000002,0.19431250000000005
20100,1.885225,0.4035937500000001,0.39998437499999995,0.19642187500000002
20200,1.8869562500000008,0.4042968750000001,0.39809374999999997,0.1976093749999999
20300,1.8882718749999998,0.4055468750000001,0.39651562500000004,0.19793750000000004
20400,1.889371875,0.4068124999999998,0.39725,0.19593750000000004
20500,1.8893921875,0.40737500000000015,0.39890625000000013,0.19371875000000002
20600,1.8944437499999998,0.407640625,0.3931874999999999,0.19917187500000005
20700,1.8916015624999993,0.4081093749999999,0.396359375,0.19553125000000007
20800,1.8920296874999998,0.40903125000000007,0.39685937500000007,0.19410937499999995
20900,1.8882906250000004,0.40831250000000013,0.39915624999999993,0.19253125000000004
21000,1.8885703125000002,0.4068125,0.39840625,0.19478125000000002
21100,1.8910171875,0.40874999999999995,0.3985000000000001,0.19275000000000003
21200,1.8892046874999995,0.406703125,0.40018750000000003,0.19310937499999997
21300,1.88406875,0.4046562499999999,0.40267187500000007,0.19267187499999996
21400,1.8828718749999998,0.4029374999999999,0.40170312499999994,0.195359375
21500,1.8777171875000003,0.39860937499999993,0.40481249999999996,0.196578125
21600,1.8781859374999996,0.39953125,0.4035468750000001,0.19692187500000008
21700,1.8785937499999996,0.399875,0.40270312500000005,0.19742187499999994
21800,1.8740718749999998,0.3983906249999999,0.4069062500000001,0.19470312500000003
21900,1.8700687500000002,0.39490624999999985,0.408046875,0.19704687500000007
22000,1.8708968750000006,0.39609374999999997,0.40839062500000006,0.195515625
22100,1.8713203125000002,0.39803125000000006,0.407828125,0.19414062500000007
22200,1.8710781250000001,0.3985625000000001,0.409125,0.19231250000000003
22300,1.8739296875000002,0.3989687500000001,0.40587500000000004,0.19515625
22400,1.8761109375,0.40195312499999986,0.4068593750000001,0.1911875000000001
22500,1.8769234375000003,0.4020625,0.4066718750000002,0.19126562500000005
22600,1.8729328125,0.40003125000000006,0.40845312500000003,0.19151562499999997
22700,1.8705687499999994,0.39746875000000004,0.4099375000000001,0.19259374999999995
22800,1.8733828124999998,0.39771875000000007,0.4066875,0.19559374999999998
22900,1.8715921875000003,0.39753125,0.40806250000000005,0.19440625000000006
23000,1.8724359374999997,0.3974375,0.40506249999999994,0.19749999999999998
23100,1.8729812499999998,0.39870312500000005,0.40609375000000003,0.195203125
23200,1.875015625,0.39815624999999993,0.4049218750000001,0.19692187499999997
23300,1.8743906249999995,0.3968749999999999,0.405,0.19812500000000002
23400,1.8752578125,0.3983124999999999,0.40521875000000007,0.19646875
23500,1.8727671874999996,0.3975468749999999,0.40448437499999995,0.19796874999999994
23600,1.8678078125,0.3945156250000001,0.4083593749999998,0.19712499999999994
23700,1.863834375000001,0.39268750000000013,0.4104375000000001,0.19687500000000002
23800,1.8639749999999997,0.3928593749999999,0.40987500000000004,0.19726562500000006
23900,1.8670265625,0.395203125,0.40956249999999994,0.19523437499999996
24000,1.8708953124999994,0.39646875,0.40803124999999996,0.19549999999999998
24100,1.8688468749999998,0.39515625000000004,0.4100312499999998,0.19481249999999997
24200,1.8720546875000006,0.39470312499999993,0.40434375,0.20095312500000004
24300,1.872696874999999,0.39592187500000015,0.40304687500000014,0.20103125000000008
24400,1.8751156249999994,0.39871874999999996,0.40253125,0.19875
24500,1.8783703124999995,0.40087500000000004,0.39979687500000016,0.19932812500000005
24600,1.8876828124999996,0.4057656249999999,0.394421875,0.19981249999999998
24700,1.8945812499999997,0.408875,0.392578125,0.19854687499999998
24800,1.8970859374999995,0.41042187499999994,0.39285937499999996,0.19671875
24900,1.8984734375,0.41246874999999994,0.3932812500000001,0.1942500000000001
25000,1.9007374999999997,0.41318750000000004,0.39162500000000006,0.19518749999999999
25100,1.9004906250000002,0.4133593750000001,0.39256250000000004,0.19407812499999996
25200,1.9028421875000001,0.41348437499999996,0.3900937500000001,0.19642187500000002
25300,1.9011687500000005,0.41301562500000005,0.3908750000000001,0.19610937499999995
25400,1.9029046875,0.4123125000000001,0.3893281249999999,0.19835937499999998
25500,1.9023734375,0.4148281250000001,0.3909374999999999,0.194234375
25600,1.9035734375000002,0.41501562500000005,0.3911874999999999,0.19379687499999998
25700,1.9063703124999993,0.41584374999999985,0.390625,0.1935312500000001
25800,1.9086249999999998,0.4177031250000002,0.3883750000000001,0.193921875
25900,1.9116312499999997,0.41909374999999993,0.38746875000000003,0.19343749999999996
26000,1.91078125,0.41890625,0.3875625,0.19353125
26100,1.9086671874999999,0.41715625000000006,0.38765625,0.19518749999999993
26200,1.9072984374999995,0.41489062499999996,0.38614062499999996,0.19896875000000006
26300,1.9084375000000002,0.415625,0.38606250000000003,0.1983125
26400,1.9098218750000002,0.41590625000000014,0.3839843750000002,0.20010937499999998
26500,1.9064437499999995,0.4160468749999999,0.38840625,0.19554687499999993
26600,1.9051421875000003,0.4145312500000001,0.3905937499999999,0.19487500000000008
26700,1.9106062499999998,0.417203125,0.38693750000000005,0.195859375
26800,1.9056671874999995,0.4148749999999998,0.3882812499999999,0.19684374999999996
26900,1.9026531250000003,0.4140781250000001,0.3918749999999999,0.194046875
27000,1.900178125,0.4132343749999999,0.39276562500000006,0.19399999999999995
27100,1.9021078125000002,0.41337500000000005,0.391484375,0.195140625
27200,1.901065625,0.4103906250000002,0.38746875,0.20214062500000002
27300,1.8987343749999999,0.40857812499999996,0.387484375,0.20393749999999997
27400,1.9037171875,0.41082812499999993,0.3848125,0.204359375
27500,1.90911875,0.41354687499999987,0.383390625,0.20306250000000006
27600,1.9161390624999997,0.41776562500000003,0.37949999999999995,0.20273437499999997
27700,1.918871875000001,0.4182343749999999,0.37870312500000003,0.2030625
27800,1.9192843749999997,0.41979687500000007,0.38028125,0.19992187499999994
27900,1.91496875,0.4187656249999999,0.385875,0.19535937499999997
28000,1.9097296874999996,0.416171875,0.38792187499999997,0.19590624999999998
28100,1.9031546875000007,0.41525000000000006,0.39228125,0.19246875000000002
28200,1.901021875,0.4147031250000001,0.39554687499999996,0.18975
28300,1.9021015625,0.414765625,0.3926250000000001,0.192609375
28400,1.9031515624999995,0.4124375,0.390109375,0.197453125
28500,1.9038375000000005,0.413296875,0.389765625,0.19693750000000002
28600,1.9063703125000009,0.41529687499999995,0.38753125,0.19717187499999994
28700,1.9063140625000006,0.4142187500000001,0.385828125,0.19995312500000004
28800,1.9055765625000003,0.4137187500000002,0.38773437499999996,0.19854687500000004
28900,1.9028187499999998,0.41209375,0.3915000000000001,0.19640624999999998
29000,1.9010171875000001,0.41220312499999984,0.3919843750000001,0.1958125
29100,1.901028125000001,0.4134531250000001,0.39318749999999975,0.19335937499999992
29200,1.8999437500000003,0.41301562499999983,0.39375000000000004,0.19323437500000007
29300,1.8972578125000004,0.411921875,0.396984375,0.19109374999999992
29400,1.8971015624999994,0.4117500000000001,0.39468749999999997,0.19356250000000005
29500,1.895365625,0.4099374999999999,0.3944062500000001,0.19565624999999998
29600,1.8981781250000005,0.41167187499999996,0.39325000000000004,0.19507812500000002
29700,1.9037093750000005,0.41503124999999996,0.3897343749999999,0.19523437500000004
29800,1.9082156249999993,0.41537500000000005,0.38689062500000004,0.19773437500000002
29900,1.9093531250000004,0.41521874999999986,0.38660937499999987,0.19817187500000003
30000,1.9109046875,0.4158906249999999,0.38434375,0.19976562499999995
30100,1.9078375000000007,0.41367187499999997,0.3869374999999999,0.19939062500000007
30200,1.9045875,0.41287499999999994,0.3900624999999999,0.1970625
30300,1.9007999999999996,0.410140625,0.39157812499999994,0.19828124999999994
30400,1.8999343749999993,0.4118906249999999,0.39367187499999984,0.19443749999999999
30500,1.9024171874999996,0.41271875,0.39059375,0.1966875
30600,1.9025296875,0.41259375000000004,0.3911250000000001,0.19628124999999996
30700,1.9012015624999998,0.4124375000000002,0.39185937500000007,0.19570312499999995
30800,1.8998593749999995,0.4121093749999999,0.3921874999999999,0.19570312500000003
30900,1.89929375,0.4113749999999999,0.3924218749999999,0.19620312500000003
31000,1.9044265624999999,0.4144218750000001,0.38765625000000004,0.19792187499999997
31100,1.9069062500000005,0.4154218750000002,0.38721875,0.19735937500000003
31200,1.9062562499999995,0.41459375000000004,0.3876562500000001,0.19775
31300,1.9074562499999999,0.41506250000000017,0.3863281250000001,0.19860937499999995
31400,1.9046109375000002,0.41440624999999975,0.387421875,0.19817187499999997
31500,1.9011140625,0.41356250000000006,0.39151562500000003,0.19492187499999994
31600,1.8981937500000003,0.41182812500000004,0.3935468749999999,0.19462499999999996
31700,1.9012250000000004,0.41420312500000006,0.39212499999999995,0.19367187500000002
31800,1.9009859375000002,0.4133593750000001,0.39015625000000004,0.196484375
31900,1.9042171875000005,0.41373437500000004,0.38990624999999995,0.19635937500000009
32000,1.9061749999999995,0.415734375,0.38701562500000003,0.19725
32100,1.9026718749999998,0.4135,0.3884062500000001,0.19809375000000007
32200,1.8999312500000005,0.413578125,0.3928281249999999,0.19359374999999995
32300,1.8946609375000005,0.41067187500000013,0.39528125,0.19404687500000006
32400,1.8911093749999988,0.40806250000000016,0.3967812500000001,0.19515625
32500,1.8912671874999996,0.4082500000000001,0.395953125,0.19579687499999995
32600,1.888234375,0.4073437500000001,0.3968593750000001,0.19579687499999995
32700,1.8879593750000003,0.40764062500000003,0.396375,0.19598437500000002
32800,1.8859781249999998,0.4070937500000002,0.396765625,0.19614062499999999
32900,1.8857656250000003,0.40523437499999987,0.39731250000000007,0.19745312499999995
33000,1.8902890625,0.4085,0.39537500000000014,0.196125
33100,1.8912328125000002,0.40798437499999995,0.39418750000000014,0.19782812499999997
33200,1.893934375,0.40967187499999974,0.3915625,0.198765625
33300,1.8910968750000001,0.40865624999999983,0.3952031249999999,0.196140625
33400,1.8897750000000002,0.408515625,0.39521874999999995,0.19626562500000003
33500,1.8888124999999991,0.408328125,0.39899999999999997,0.192671875
33600,1.8864187500000005,0.40770312499999994,0.4008906250000001,0.19140625
33700,1.8868875000000003,0.4078124999999998,0.39968750000000003,0.19249999999999995
33800,1.884440625,0.40634374999999984,0.401609375,0.192046875
33900,1.8782093750000006,0.4039531250000001,0.4067812499999999,0.189265625
34000,1.8716921874999994,0.400421875,0.409765625,0.18981250000000002
34100,1.8697671875,0.3980937500000001,0.410640625,0.19126562500000002
34200,1.8689375000000001,0.39751562500000015,0.4093125,0.19317187500000002
34300,1.8673953125000002,0.3972968749999999,0.41089062500000023,0.19181250000000005
34400,1.8691640624999997,0.3965937500000001,0.40887500000000004,0.19453125000000004
34500,1.871465625,0.3974375000000001,0.4079531250000001,0.19460937499999997
34600,1.8725828125000006,0.39779687500000005,0.40592187499999993,0.19628124999999996
34700,1.8752234375000003,0.3988281249999999,0.4043750000000001,0.19679687499999993
34800,1.8769999999999998,0.3994999999999999,0.40450000000000014,0.196
34900,1.8779984375000003,0.40071875000000007,0.40510937499999994,0.19417187499999997
35000,1.8758109375000007,0.3989062500000001,0.405015625,0.19607812500000005
35100,1.87670625,0.4007031250000001,0.40498437499999995,0.19431250000000005
35200,1.8810624999999999,0.4034687499999999,0.40203124999999995,0.19449999999999995
35300,1.8859968750000005,0.40551562500000005,0.39884374999999994,0.1956406250000001
35400,1.8860578125000005,0.40571874999999996,0.3990312499999999,0.19525
35500,1.8874765624999994,0.4061249999999999,0.39873437500000003,0.19514062499999998
35600,1.8890046874999997,0.40654687500000003,0.3947968749999998,0.19865625000000003
35700,1.8904499999999997,0.4081562500000003,0.39390624999999996,0.1979375
35800,1.8933203125000007,0.40965624999999994,0.39306250000000004,0.19728125
35900,1.8970265625000002,0.4127343750000001,0.3919531249999999,0.19531250000000006
36000,1.9009234375000001,0.41385937500000003,0.39010937500000015,0.19603124999999996
36100,1.8998078125,0.4121249999999999,0.392546875,0.19532812500000005
36200,1.8975390625000006,0.41248437500000007,0.3935624999999999,0.19395312500000003
36300,1.8947296874999997,0.411921875,0.3962968750000002,0.19178124999999996
36400,1.889309375,0.4079843750000002,0.39948437500000006,0.19253124999999996
36500,1.8832296875,0.406796875,0.40512499999999996,0.18807812499999996
36600,1.8796156250000005,0.4038593750000001,0.405,0.191140625
36700,1.8741718749999992,0.4005,0.41060937499999983,0.18889062500000003
36800,1.8672359375000005,0.39731249999999996,0.414671875,0.188015625
36900,1.8615750000000004,0.395640625,0.4200937499999999,0.18426562500000004
37000,1.8639718750000005,0.39775000000000005,0.417765625,0.18448437500000003
37100,1.8693312499999997,0.40139062499999995,0.413203125,0.18540625000000008
37200,1.8726359375,0.4016406250000001,0.4106406249999999,0.1877187499999999
37300,1.8794765624999994,0.40434375000000006,0.40217187499999996,0.19348437500000001
37400,1.8831687499999998,0.4059843749999999,0.402296875,0.19171875000000002
37500,1.8848328125,0.406421875,0.39989062499999994,0.19368750000000004
37600,1.884103125,0.40606249999999994,0.4009999999999999,0.19293749999999998
37700,1.8855734375000002,0.405859375,0.39926562499999996,0.19487500000000002
37800,1.8882859375000005,0.406078125,0.3968593750000001,0.19706249999999995
37900,1.8919046875000007,0.40760937499999983,0.39495312500000007,0.1974375
38000,1.8936343750000002,0.40776562499999996,0.3925937500000002,0.19964062499999993
38100,1.8959843750000003,0.4069687499999999,0.39137500000000003,0.20165625000000004
38200,1.895446875,0.40676562499999996,0.3898593750000001,0.20337500000000006
38300,1.8935296874999998,0.405734375,0.391859375,0.20240624999999995
38400,1.8955125000000002,0.40724999999999995,0.3911093750000001,0.201640625
38500,1.8952968750000003,0.40762500000000035,0.39115625,0.20121874999999995
38600,1.8990640625000004,0.41078125,0.38990624999999995,0.19931250000000006
38700,1.9012937500000002,0.4121562499999999,0.38999999999999996,0.1978437500000001
38800,1.9010578125000002,0.41218749999999993,0.39012500000000006,0.19768750000000007
38900,1.8977437500000005,0.4103437499999999,0.393140625,0.19651562499999992
39000,1.8946671874999994,0.4095312499999999,0.39629687500000005,0.19417187500000008
39100,1.8935515625,0.40775,0.3975937500000001,0.19465625000000006
39200,1.8944500000000004,0.40815625,0.395796875,0.19604687499999993
39300,1.89851875,0.4094374999999999,0.39323437499999997,0.197328125
39400,1.9012859374999995,0.4110625000000001,0.3929531250000002,0.19598437499999996
39500,1.9034640625,0.4121406249999999,0.3913906249999999,0.19646874999999994
39600,1.9030984375,0.41301562500000005,0.3912968749999999,0.1956875000000001
39700,1.897965625,0.410546875,0.396015625,0.19343750000000004
39800,1.8950734374999996,0.41051562500000005,0.39853125000000006,0.19095312500000006
39900,1.8897343750000004,0.40723437500000004,0.3997812500000001,0.19298437499999999
40000,1.8877859374999995,0.40534375,0.39921875000000007,0.19543749999999993
40100,1.8899312500000005,0.40740624999999997,0.39862500000000006,0.19396875000000002
40200,1.8912906250000003,0.4077343749999999,0.3981875000000001,0.19407812500000007
40300,1.8902406250000003,0.40643750000000006,0.39793749999999994,0.19562500000000002
40400,1.8895781249999999,0.405828125,0.39853125000000006,0.195640625
40500,1.8873859375,0.40525,0.39909375,0.19565625000000006
40600,1.8896046874999999,0.40603125,0.39676562499999996,0.19720312500000003
40700,1.8934374999999999,0.40684375000000006,0.3945468749999999,0.19860937500000003
40800,1.8879921874999996,0.404359375,0.3950468749999999,0.20059375000000002
40900,1.8888999999999998,0.4035156249999999,0.394234375,0.20224999999999996
41000,1.8846593750000002,0.40159374999999997,0.397203125,0.20120312499999998
41100,1.8809187500000002,0.4001406249999999,0.4005312499999999,0.199328125
41200,1.8797000000000001,0.3988281250000001,0.399546875,0.201625
41300,1.8789578125,0.39940624999999996,0.40131250000000007,0.19928125000000002
41400,1.8775374999999999,0.39990625,0.40354687499999997,0.19654687500000004
41500,1.8743078125,0.39879687499999983,0.4064062500000002,0.19479687499999998
41600,1.867775,0.394875,0.41000000000000014,0.1951249999999999
41700,1.8667593750000002,0.394859375,0.4111718749999999,0.19396875
41800,1.8664500000000004,0.3960156250000001,0.4121406249999998,0.19184375
41900,1.8692390625,0.397265625,0.40825,0.194484375
42000,1.8684750000000006,0.3960937499999999,0.407578125,0.19632812499999996
42100,1.8707078125,0.3970625,0.40557812499999996,0.19735937500000003
42200,1.8723734375,0.39776562499999996,0.4040781250000001,0.19815625
42300,1.8805062500000005,0.4014374999999999,0.39815624999999993,0.20040625000000004
42400,1.8817046875,0.40087500000000015,0.398234375,0.200890625
42500,1.8878453124999994,0.4042968749999999,0.39429687500000005,0.2014062500000001
42600,1.8884046875,0.404640625,0.394640625,0.20071874999999997
42700,1.8810999999999996,0.40257812500000006,0.40115624999999994,0.19626562500000003
42800,1.8760125000000003,0.39981250000000007,0.40512499999999996,0.1950625
42900,1.8720328124999999,0.398890625,0.40773437500000004,0.19337500000000002
43000,1.8710687499999998,0.39935937500000007,0.40979687500000006,0.19084374999999998
43100,1.8730078125000003,0.3995312500000002,0.40790625,0.19256249999999994
43200,1.8738515625000005,0.39990625,0.40621874999999996,0.19387499999999996
43300,1.8728828124999994,0.3984531249999999,0.4053906250000002,0.19615624999999995
43400,1.8715609375,0.3979375,0.4051406250000001,0.196921875
43500,1.8722625,0.40040625000000024,0.40679687499999995,0.1927968750000001
43600,1.8748984374999997,0.4018281249999998,0.4036093750000001,0.1945625
43700,1.8752124999999997,0.402515625,0.40531249999999996,0.19217187500000002
43800,1.8753500000000003,0.40065625,0.4048125,0.19453125000000004
43900,1.8769843749999995,0.4020312500000001,0.40328125000000004,0.19468750000000004
44000,1.8730156249999996,0.3987031249999999,0.4052812500000001,0.1960156250000001
44100,1.8707156249999997,0.39606249999999993,0.40742187500000004,0.19651562499999994
44200,1.8675750000000007,0.395109375,0.40806249999999994,0.196828125
44300,1.8636171874999998,0.39281250000000006,0.41364062500000004,0.19354687499999995
44400,1.8612796875000002,0.3930156249999999,0.41415625000000006,0.192828125
44500,1.8587562499999999,0.3923437499999999,0.41443749999999985,0.19321875
44600,1.85395625,0.3891718749999999,0.418140625,0.1926875
44700,1.8536015625000004,0.3891093749999999,0.41787500000000005,0.19301562500000002
44800,1.8507125000000002,0.38671875000000006,0.41848437500000013,0.194796875
44900,1.8519312499999994,0.38584375000000004,0.4158281250000001,0.19832812500000005
45000,1.8572421874999991,0.38960937500000015,0.41112499999999985,0.19926562499999995
45100,1.8636203125000004,0.3939999999999999,0.409375,0.196625
45200,1.8685234375000004,0.39646875000000004,0.40590625000000014,0.19762500000000005
45300,1.8744687500000001,0.39965625,0.4043125,0.19603125000000005
45400,1.8761171875,0.3996406250000001,0.40306250000000005,0.19729687499999993
45500,1.8755390625000006,0.39984375000000005,0.40503125000000006,0.1951249999999999
45600,1.8742968750000009,0.3990468750000001,0.406390625,0.1945625
45700,1.8712265625000004,0.39720312499999993,0.407375,0.19542187500000002
45800,1.8673671874999997,0.396390625,0.40998437499999996,0.19362500000000005
45900,1.8638468749999997,0.3947499999999998,0.4129375,0.19231249999999991
46000,1.8614671874999993,0.392234375,0.41098437500000007,0.19678125000000002
46100,1.8617203125,0.39209375,0.41151562499999994,0.19639062500000007
46200,1.8622140624999999,0.3914062499999999,0.40965625,0.19893750000000002
46300,1.8588171874999995,0.3911406250000001,0.4145625,0.19429687499999998
46400,1.8531031249999996,0.389703125,0.4189062500000001,0.19139062500000004
46500,1.8492187500000004,0.3863749999999999,0.42010937499999995,0.193515625
46600,1.8466500000000003,0.3857187499999999,0.421,0.19328125000000002
46700,1.8464437499999997,0.38509375,0.4242968749999999,0.19060937499999994
46800,1.8426374999999997,0.3848437500000001,0.42806250000000007,0.18709374999999998
46900,1.8462921875,0.38574999999999987,0.421640625,0.19260937499999994
47000,1.8445875,0.38762499999999983,0.42387499999999995,0.18850000000000008
47100,1.84480625,0.38618750000000013,0.42510937500000007,0.18870312499999994
47200,1.8462750000000003,0.38620312499999987,0.42259375,0.1912031250000001
47300,1.8538453125,0.38865625000000004,0.4156875,0.19565625000000011
47400,1.8597296875,0.39043750000000005,0.4119531249999999,0.197609375
47500,1.8670171875000001,0.39359375,0.4055937499999999,0.20081249999999998
47600,1.8731546875,0.39682812500000003,0.40204687499999997,0.20112499999999997
47700,1.8779453124999999,0.39921875,0.40140625,0.199375
47800,1.8773687500000005,0.39887500000000004,0.40446875000000004,0.19665624999999998
47900,1.873353125,0.39706249999999993,0.4042656250000001,0.19867187500000005
48000,1.8747687500000005,0.398984375,0.40531249999999996,0.195703125
48100,1.8746484375000003,0.39746875000000015,0.40320312499999994,0.19932812500000005
48200,1.8743640625000002,0.3951093750000001,0.4022500000000003,0.20264062500000005
48300,1.8701578125,0.39617187499999984,0.40607812499999996,0.19774999999999998
48400,1.8714703125,0.39612499999999995,0.40528125,0.19859374999999993
48500,1.8673031249999992,0.39470312500000004,0.4042343750000001,0.20106249999999998
48600,1.8659265624999999,0.392796875,0.4050781250000002,0.20212499999999997
48700,1.8668718750000002,0.39331249999999984,0.40682812499999993,0.19985937500000003
48800,1.8674703125,0.39464062499999986,0.407171875,0.1981874999999999
48900,1.8647171875000002,0.3941562499999999,0.4107656250000002,0.19507812500000007
49000,1.8611828124999996,0.39298437499999994,0.41393749999999996,0.19307812499999996
49100,1.8600187499999994,0.392828125,0.41470312499999984,0.19246875000000005
49200,1.8577249999999998,0.3927812499999999,0.41720312500000006,0.190015625
49300,1.8563859375,0.39217187500000006,0.41718750000000004,0.19064062500000004
49400,1.8527062499999998,0.390875,0.41868750000000005,0.19043750000000004
49500,1.856778124999999,0.38993750000000005,0.4157500000000001,0.19431250000000003
49600,1.8580593749999994,0.3913593749999999,0.4152343749999999,0.19340625
49700,1.8570484375,0.3895000000000001,0.4146562500000001,0.19584374999999996
49800,1.858428125,0.391359375,0.41400000000000003,0.19464062499999998
49900,1.8567390625000004,0.3926093749999999,0.4175937499999999,0.1897968750000001
50000,1.8532578124999997,0.39260937500000004,0.4192343749999999,0.18815625
50100,1.8526093749999997,0.3917656250000002,0.420953125,0.18728125000000004
50200,1.852921875,0.3931406250000001,0.4215781250000001,0.18528125000000004
50300,1.8517562499999998,0.39253124999999994,0.4235781249999999,0.18389062500000006
50400,1.8545796875,0.393640625,0.4204531249999999,0.18590625000000008
50500,1.85525,0.39190625,0.4198437499999999,0.18824999999999997
50600,1.8590609375000002,0.392640625,0.41501562499999994,0.19234374999999992
50700,1.8583453124999998,0.393375,0.41662500000000013,0.19
50800,1.8559593749999999,0.3937187499999999,0.42096875,0.1853125
50900,1.8608890624999999,0.39506249999999987,0.41382812500000016,0.19110937500000003
51000,1.8626265624999998,0.39443750000000005,0.41334374999999995,0.19221874999999994
51100,1.8658187499999994,0.3949531249999999,0.41093750000000007,0.19410937500000003
51200,1.8683374999999998,0.39743749999999994,0.409953125,0.19260937499999994
51300,1.8724281250000006,0.4004687499999999,0.409046875,0.1904843749999999
51400,1.8743515624999998,0.39945312499999985,0.4060937500000001,0.1944531249999999
51500,1.8735531250000004,0.3995156250000001,0.4058906250000001,0.19459374999999995
51600,1.8758578124999998,0.4020937500000001,0.4045468750000001,0.19335937500000006
51700,1.878646875,0.40134374999999983,0.40109375,0.1975625
51800,1.8791078124999998,0.4024687500000001,0.40065625,0.19687499999999997
51900,1.8786812499999996,0.40303124999999995,0.4027812500000001,0.1941875000000001
52000,1.8780171875000007,0.402875,0.40470312500000005,0.19242187500000005
52100,1.8761812500000004,0.4020468750000001,0.40678125,0.19117187499999996
52200,1.8667171875,0.3974843750000001,0.4115312499999999,0.19098437499999998
52300,1.860621875,0.3930000000000001,0.41623437500000005,0.19076562499999994
52400,1.8536015625000006,0.38949999999999985,0.41824999999999996,0.19225000000000003
52500,1.8521,0.38849999999999996,0.4178749999999999,0.19362499999999996
52600,1.8522812499999997,0.38887500000000014,0.41753125000000013,0.19359375000000012
52700,1.8527953125,0.3869218749999999,0.4171874999999998,0.19589062499999998
52800,1.8511484375,0.386859375,0.419609375,0.19353125000000007
